(1, 107, 1.0, List(43, 79, 5, 66, 12, 88, 78, 2, 19, 57, 85, 19, 8, 54), List(74), List(-818288069, -208001313, -1543894685), List(-919331330, -481226128, -2063032730, 238168421, -445308536, 1564610389), false, true)
(2, 88, 1.0, List(67, 94, 7, 31, 99, 31, 94, 84, 83, 7, 59, 83, 17, 10, 25, 73), List(36, 21, 19, 35, 90, 60, 71, 78, 20, 46, 78, 19, 87, 64, 36, 6), List(895481357, 368310742, 1794778702, 870076886, 936138823), List(-1389245408), false, false)
(3, 96, 1.0, List(10, 12, 63, 29, 17, 4), List(39, 56, 72, 96, 43, 33, 64, 79, 31, 67, 68, 49, 99, 4, 82, 8, 26, 27, 82), List(), List(1785450158, 1270344282, 1889367044), false, false)
(4, 145, 1.0, List(37, 4, 36, 25, 77, 14, 28, 58, 8, 34, 16, 40, 36, 1, 42, 11, 51, 74), List(54, 30, 24, 88, 91, 21, 73, 18, 1, 17, 98, 44, 13, 98, 76), List(1546591265, -309227633, 436355716, 1655498562), List(1408604456, 1258338265, -297861607), true, false)
(5, 105, 1.0, List(59), List(64, 23, 35, 64, 36, 9, 62, 67), List(2023443443, -318373269, 1331913082, -384571142, -1274348611), List(), false, false)
(5, 111, 1.0, List(59), List(11, 68, 87, 44, 73, 36, 63, 20, 72, 65, 80, 41, 18, 88), List(2023443443, -318373269, 1331913082, -384571142, -1274348611), List(249560746, 577105485), false, false)
(6, 120, 1.0, List(2, 17, 39, 26, 4, 29, 7, 21, 92, 63, 66, 14, 33, 96, 14, 43), List(4, 6), List(36915621, 1483314387, 539481515), List(), false, false)
(6, 52, 1.0, List(2, 17, 39, 26, 4, 29, 7, 21, 92, 63, 66, 14, 33, 96, 14, 43), List(68, 61, 60, 31, 74, 24, 43, 2, 73, 61, 90, 49, 12), List(36915621, 1483314387, 539481515), List(), false, false)
(7, 101, 1.0, List(9, 94, 69, 59, 75, 5, 69, 95, 42, 97, 34, 39, 97, 32, 19, 31), List(97, 30, 22), List(), List(-967861179, -559017216, -799649725), false, false)
(7, 172, 1.0, List(9, 94, 69, 59, 75, 5, 69, 95, 42, 97, 34, 39, 97, 32, 19, 31), List(), List(), List(-1152032973, -1867435551, 1358837950, 157460020), false, false)
(7, 140, 1.0, List(9, 94, 69, 59, 75, 5, 69, 95, 42, 97, 34, 39, 97, 32, 19, 31), List(20, 43, 50, 21, 83, 42, 16, 23, 10, 94, 22, 43, 92, 89, 84), List(), List(1090874614), false, false)
(8, 89, 1.0, List(26, 83, 96, 40, 86, 2, 1, 9, 41, 32, 0, 27, 71, 92, 56, 48), List(23, 10, 85, 83, 72, 29, 65, 86, 80, 48, 88, 42, 76, 97, 29, 11, 51, 10, 37), List(775704628, 1880001665, -525860873), List(1207749006), false, true)
(8, 163, 1.0, List(26, 83, 96, 40, 86, 2, 1, 9, 41, 32, 0, 27, 71, 92, 56, 48), List(6, 32, 59, 9, 87, 79, 0, 23), List(775704628, 1880001665, -525860873), List(1707927333, -1133378671, 169521877, -1546586641, -891317571, -741388274), false, false)
(10, 132, 1.0, List(15, 88, 11, 51, 20, 23, 63, 67, 71, 80), List(81, 28, 15, 14, 63, 51, 55, 73, 89, 35, 78, 12, 30, 4, 39, 25, 66, 90), List(), List(-1954670170, 1465586893), false, false)
(10, 80, 1.0, List(15, 88, 11, 51, 20, 23, 63, 67, 71, 80), List(10, 67, 52, 25, 76, 50, 18), List(), List(1618372329, 1425103338, -2077308589, 1483256572), false, false)
(10, 128, 1.0, List(15, 88, 11, 51, 20, 23, 63, 67, 71, 80), List(90, 23, 82, 66, 17, 94, 32, 33, 37, 32), List(), List(-392660610, 892024526, 1871265551, -1753172700, -1203660049), false, false)
(11, 87, 1.0, List(32, 29, 64, 33, 94, 87, 7, 56, 57), List(85, 35, 43, 15, 95, 96, 73, 95, 11), List(-213054207, 1853202801), List(), false, false)
(11, 160, 1.0, List(32, 29, 64, 33, 94, 87, 7, 56, 57), List(1, 12, 5, 2, 10, 80), List(-213054207, 1853202801), List(), false, false)
(11, 38, 1.0, List(32, 29, 64, 33, 94, 87, 7, 56, 57), List(20, 53, 95), List(-213054207, 1853202801), List(1864670109, -1671089038, 1676414962, 1667275918), false, false)
(11, 81, 1.0, List(32, 29, 64, 33, 94, 87, 7, 56, 57), List(87, 53, 78, 60, 58, 30, 76, 58), List(-213054207, 1853202801), List(-1521273990, -1162429358, 931197430, 1021003731, -842995482, -771369060), false, false)
(11, 67, 1.0, List(32, 29, 64, 33, 94, 87, 7, 56, 57), List(81, 67, 25, 21, 80, 13, 92, 39, 83), List(-213054207, 1853202801), List(), false, false)
(12, 38, 1.0, List(19, 88, 54, 2, 35, 23, 11, 95, 33, 27, 84, 76, 30, 32), List(20, 53, 95), List(), List(1864670109, -1671089038, 1676414962, 1667275918), false, false)
(12, 195, 1.0, List(19, 88, 54, 2, 35, 23, 11, 95, 33, 27, 84, 76, 30, 32), List(71, 76, 35, 40, 87, 49, 88, 25, 50), List(), List(-903204811, -1587093304, 2137445338), false, false)
(13, 39, 1.0, List(38, 17, 47, 85, 45, 25, 97, 45, 57, 8, 48, 80, 26, 74, 54, 26, 71, 20, 9), List(3, 46, 18, 17, 18, 62, 33, 29, 51), List(-792544352, -1798921483, 467783864, -594614106), List(-1666237512, -1076637506, 1695621121, -1688171198, -1940943401, 53178137), false, false)
(13, 159, 1.0, List(38, 17, 47, 85, 45, 25, 97, 45, 57, 8, 48, 80, 26, 74, 54, 26, 71, 20, 9), List(43, 61, 96, 64, 82, 8, 23, 41, 48, 80, 2, 84, 34, 25, 13, 48, 24, 31), List(-792544352, -1798921483, 467783864, -594614106), List(-1711165502), false, false)
(14, 2, 1.0, List(62, 21, 58, 92, 52, 25, 72, 45, 14, 12, 37, 17, 18, 98, 15, 56), List(67, 94, 7, 31, 99, 31, 94, 84, 83, 7, 59, 83, 17, 10, 25, 73), List(1913496451, 2106969581, 2034794597, 1770545369), List(895481357, 368310742, 1794778702, 870076886, 936138823), false, false)
(14, 9, 1.0, List(62, 21, 58, 92, 52, 25, 72, 45, 14, 12, 37, 17, 18, 98, 15, 56), List(8, 64, 13, 83, 38, 70, 71, 50, 19, 49, 52, 7, 27), List(1913496451, 2106969581, 2034794597, 1770545369), List(-1736878227, -230450182), false, false)
(15, 177, 1.0, List(73, 51, 88, 27, 56, 82, 90, 26, 40, 14, 30, 23, 13), List(93, 71, 31, 50, 73, 66, 13, 86, 9, 37), List(-1808699839, 37225873), List(1964120222, -1295563858, 2134339053), false, false)
(16, 61, 1.0, List(65, 65, 86, 62, 39, 78, 46), List(77, 97, 22, 53, 8, 48, 65, 19, 63, 51, 44, 44, 7, 71, 72, 16, 22, 10), List(-1048497991, 437342064, 21520025, 1294424506, 1641100324, 1750480004), List(1395301365, 1681485625), false, false)
(16, 103, 1.0, List(65, 65, 86, 62, 39, 78, 46), List(92, 9, 27, 58, 25, 73, 13, 30, 45, 85, 60, 96, 23), List(-1048497991, 437342064, 21520025, 1294424506, 1641100324, 1750480004), List(-707613850, 341787000, -549343633, 461412195, -439318235), false, false)
(16, 26, 1.0, List(65, 65, 86, 62, 39, 78, 46), List(71, 62, 89, 13, 93, 97, 0, 69, 36, 41, 2, 14, 85, 98, 1, 75, 29, 74, 45), List(-1048497991, 437342064, 21520025, 1294424506, 1641100324, 1750480004), List(), false, false)
(17, 147, 1.0, List(8, 6, 64, 94, 92, 21, 94, 41, 64, 35, 36, 84, 84, 84), List(68, 95, 22, 41, 24, 18, 67, 43, 17, 36, 64), List(-1118714997, 1651690176, 2088975666), List(), false, false)
(18, 39, 1.0, List(55, 12, 35, 63, 17, 18, 4, 93, 62, 13, 13, 76, 23, 19, 81, 19, 27, 76), List(3, 46, 18, 17, 18, 62, 33, 29, 51), List(), List(-1666237512, -1076637506, 1695621121, -1688171198, -1940943401, 53178137), false, false)
(18, 110, 1.0, List(55, 12, 35, 63, 17, 18, 4, 93, 62, 13, 13, 76, 23, 19, 81, 19, 27, 76), List(30, 73, 54, 39, 13, 47, 84, 77, 83, 87, 32, 94, 47, 11, 0, 73, 18), List(), List(1237734347, 1667371682, -2094005412, 766446134, -1476830341, 1173584588), false, false)
(19, 95, 1.0, List(11, 23, 50, 62, 67, 50, 42, 30, 95, 17, 18, 70, 76, 80), List(40, 21, 76, 15), List(), List(-1858354362, 1536635257, 1631754049), false, false)
(19, 158, 1.0, List(11, 23, 50, 62, 67, 50, 42, 30, 95, 17, 18, 70, 76, 80), List(83, 33, 65, 91, 67, 39, 34, 56, 69, 6, 27, 58, 75), List(), List(1675983295, 976516653, -1959843218, 1006875936, -910526444, -1327835360), false, false)
(20, 179, 1.0, List(30, 57, 14, 45, 58, 46, 40, 96, 87, 1, 5, 98, 94, 50, 90), List(70, 36, 78, 71, 5, 54, 10, 13, 99, 18, 52, 79, 90, 42, 90, 89), List(), List(), false, false)
(20, 192, 1.0, List(30, 57, 14, 45, 58, 46, 40, 96, 87, 1, 5, 98, 94, 50, 90), List(53, 90, 96, 12, 32, 80, 44, 91, 39, 11, 32, 90, 6, 5, 66, 54, 24, 3, 37), List(), List(59439768, 1016888900), false, false)
(21, 71, 1.0, List(49), List(95, 46, 99, 86, 12, 86, 67, 67, 27, 52), List(680602201), List(), false, false)
(21, 177, 1.0, List(49), List(93, 71, 31, 50, 73, 66, 13, 86, 9, 37), List(680602201), List(1964120222, -1295563858, 2134339053), false, false)
(22, 1, 1.0, List(5, 1, 84, 16, 89), List(43, 79, 5, 66, 12, 88, 78, 2, 19, 57, 85, 19, 8, 54), List(877454654), List(-818288069, -208001313, -1543894685), false, false)
(22, 157, 1.0, List(5, 1, 84, 16, 89), List(4, 2, 41, 70, 65), List(877454654), List(-1369929428, -88598872, 352795454, 1714609655), false, false)
(23, 190, 1.0, List(82, 68, 24, 93, 70, 71), List(56, 98, 61, 97, 37, 67, 51, 64, 33), List(506117402, -337194743), List(1349497014), false, false)
(23, 132, 1.0, List(82, 68, 24, 93, 70, 71), List(81, 28, 15, 14, 63, 51, 55, 73, 89, 35, 78, 12, 30, 4, 39, 25, 66, 90), List(506117402, -337194743), List(-1954670170, 1465586893), false, false)
(24, 93, 1.0, List(50, 26, 68, 40, 72, 74, 36, 36, 12, 89, 32, 8, 25, 95, 55), List(50, 6, 1, 22, 2, 92, 16), List(1512288330, -650286974, -1698152038, -1414567175), List(), true, false)
(24, 12, 1.0, List(50, 26, 68, 40, 72, 74, 36, 36, 12, 89, 32, 8, 25, 95, 55), List(19, 88, 54, 2, 35, 23, 11, 95, 33, 27, 84, 76, 30, 32), List(1512288330, -650286974, -1698152038, -1414567175), List(), true, false)
(24, 187, 1.0, List(50, 26, 68, 40, 72, 74, 36, 36, 12, 89, 32, 8, 25, 95, 55), List(84, 48, 77, 45, 70, 37, 76, 53, 22, 28, 96, 9, 45, 52, 52, 5), List(1512288330, -650286974, -1698152038, -1414567175), List(), true, true)
(25, 55, 1.0, List(0, 12, 92, 60, 2, 8, 52, 33, 92, 58, 53, 65, 13, 29, 70, 33), List(90, 94, 63, 65), List(), List(), false, false)
(26, 61, 1.0, List(71, 62, 89, 13, 93, 97, 0, 69, 36, 41, 2, 14, 85, 98, 1, 75, 29, 74, 45), List(77, 97, 22, 53, 8, 48, 65, 19, 63, 51, 44, 44, 7, 71, 72, 16, 22, 10), List(), List(1395301365, 1681485625), false, false)
(26, 21, 1.0, List(71, 62, 89, 13, 93, 97, 0, 69, 36, 41, 2, 14, 85, 98, 1, 75, 29, 74, 45), List(49), List(), List(680602201), false, false)
(26, 30, 1.0, List(71, 62, 89, 13, 93, 97, 0, 69, 36, 41, 2, 14, 85, 98, 1, 75, 29, 74, 45), List(35, 45, 63, 25, 65, 49, 7, 56, 13, 38), List(), List(), false, false)
(27, 101, 1.0, List(1), List(97, 30, 22), List(), List(-967861179, -559017216, -799649725), false, false)
(27, 150, 1.0, List(1), List(90, 4, 78, 21, 59, 46, 76, 78, 5, 88, 9, 90, 97, 53), List(), List(), false, false)
(27, 192, 1.0, List(1), List(53, 90, 96, 12, 32, 80, 44, 91, 39, 11, 32, 90, 6, 5, 66, 54, 24, 3, 37), List(), List(59439768, 1016888900), false, false)
(28, 40, 1.0, List(25, 41, 99), List(95), List(), List(), false, false)
(28, 45, 1.0, List(25, 41, 99), List(17, 45, 36, 69), List(), List(1694790963, -862037496, 758765974, 544888893, -456104651), false, false)
(29, 181, 1.0, List(29, 50, 59, 70, 82, 67), List(49, 31, 35, 3, 28, 12, 94), List(1657714128), List(-1872788021, 1926239645, 1591222610, -717358140, -1869135006, 851128443), false, false)
(30, 94, 1.0, List(35, 45, 63, 25, 65, 49, 7, 56, 13, 38), List(31, 75, 18, 68, 28, 85, 97, 44, 1, 77), List(), List(-972987113, -1799224731), false, false)
(32, 18, 1.0, List(1, 73, 30, 27, 33, 33, 55, 32, 13), List(55, 12, 35, 63, 17, 18, 4, 93, 62, 13, 13, 76, 23, 19, 81, 19, 27, 76), List(), List(), false, false)
(32, 102, 1.0, List(1, 73, 30, 27, 33, 33, 55, 32, 13), List(43, 86, 46, 24, 40, 96, 8, 36, 16, 61, 53, 12, 45, 11, 37, 83), List(), List(14901885, -1129228878, -106345269, -127946743), false, false)
(34, 35, 1.0, List(44, 90, 13, 56, 59, 9, 65, 23, 71, 1, 39), List(70, 87, 44, 77, 40, 26, 9, 60, 20, 77, 65, 53, 11, 10, 28, 15), List(), List(), false, false)
(35, 98, 1.0, List(70, 87, 44, 77, 40, 26, 9, 60, 20, 77, 65, 53, 11, 10, 28, 15), List(12, 59, 88, 29, 32, 79, 47, 98, 63, 28), List(), List(1133735680, -1648494878, 2117806373, 1528195685, 1409621515), false, true)
(37, 76, 1.0, List(25, 87, 20, 15, 56), List(14, 68, 32, 55, 95, 80), List(1279720810, -575542529), List(), false, false)
(37, 100, 1.0, List(25, 87, 20, 15, 56), List(97, 39, 66, 95, 39, 99, 20, 56, 19, 63, 51, 73, 62, 80, 71, 25, 35, 48), List(1279720810, -575542529), List(1824249702, 1011421519, 1149436842, 521103166), false, false)
(38, 51, 1.0, List(20, 53, 95), List(46, 61, 13, 13, 34, 59, 85, 58, 66, 43, 52, 24, 62, 25, 42, 45, 26, 79, 81), List(1864670109, -1671089038, 1676414962, 1667275918), List(-290796110, 930556387, 857181062), false, false)
(39, 198, 1.0, List(3, 46, 18, 17, 18, 62, 33, 29, 51), List(8, 69, 93, 83, 61, 53, 83, 85, 25, 66, 22, 11, 39, 99, 35, 3, 66), List(-1666237512, -1076637506, 1695621121, -1688171198, -1940943401, 53178137), List(873030035, -447368240, 671669585), false, false)
(39, 200, 1.0, List(3, 46, 18, 17, 18, 62, 33, 29, 51), List(82, 42, 54, 87, 78, 78, 19, 26, 1, 24, 82, 26, 3), List(-1666237512, -1076637506, 1695621121, -1688171198, -1940943401, 53178137), List(), false, false)
(40, 52, 1.0, List(95), List(68, 61, 60, 31, 74, 24, 43, 2, 73, 61, 90, 49, 12), List(), List(), false, false)
(41, 53, 1.0, List(67, 48, 35, 16, 41, 97, 98, 6, 95, 20, 61, 9, 81, 21, 66, 50), List(39, 28, 20, 34, 16), List(1375502517, -1654700823), List(333547092, -639230673, -2119071963), false, false)
(42, 134, 1.0, List(15, 48, 38, 35, 19, 24, 62), List(45, 90, 65, 29, 15, 6, 20, 22, 92), List(-519069847, 1078499734, -681567254, 609018061, 1363419274, -1904781735), List(1241316320, 608972045), true, true)
(42, 26, 1.0, List(15, 48, 38, 35, 19, 24, 62), List(71, 62, 89, 13, 93, 97, 0, 69, 36, 41, 2, 14, 85, 98, 1, 75, 29, 74, 45), List(-519069847, 1078499734, -681567254, 609018061, 1363419274, -1904781735), List(), true, false)
(43, 196, 1.0, List(19, 66, 89), List(36), List(), List(), false, false)
(43, 190, 1.0, List(19, 66, 89), List(56, 98, 61, 97, 37, 67, 51, 64, 33), List(), List(1349497014), false, false)
(44, 170, 1.0, List(14, 80), List(95, 73, 29, 9, 64, 90, 19, 26, 51, 56, 26, 82, 70, 9, 90, 34, 29, 28, 58), List(), List(), true, false)
(45, 119, 1.0, List(17, 45, 36, 69), List(88, 23, 40, 45, 86, 58, 96, 32, 89, 41, 86, 17, 61, 87, 66, 30, 27, 46), List(1694790963, -862037496, 758765974, 544888893, -456104651), List(-1968768720, 1566628960, -1632140265, 395661999, -1475474071), false, false)
(45, 109, 1.0, List(17, 45, 36, 69), List(18, 2, 26, 66, 81, 37, 73, 5, 89, 40, 67, 70, 20, 70), List(1694790963, -862037496, 758765974, 544888893, -456104651), List(1312979865, 1637460153, -1901810685, -1549069060, -1060393792, -1748889544), false, false)
(45, 190, 1.0, List(17, 45, 36, 69), List(56, 98, 61, 97, 37, 67, 51, 64, 33), List(1694790963, -862037496, 758765974, 544888893, -456104651), List(1349497014), false, false)
(46, 137, 1.0, List(81, 84, 11, 50, 4, 95, 49, 45, 70, 15, 11, 51), List(97, 46, 77, 90, 41, 6, 55, 6, 10, 60, 65), List(), List(2121021770, -1178567822, 65762512, -1724959280), true, false)
(47, 90, 1.0, List(61, 45, 77, 18), List(7, 93, 30, 45, 66, 37, 15, 90, 35, 68, 84), List(), List(), true, false)
(47, 145, 1.0, List(61, 45, 77, 18), List(54, 30, 24, 88, 91, 21, 73, 18, 1, 17, 98, 44, 13, 98, 76), List(), List(1408604456, 1258338265, -297861607), true, false)
(47, 34, 1.0, List(61, 45, 77, 18), List(44, 90, 13, 56, 59, 9, 65, 23, 71, 1, 39), List(), List(), true, false)
(47, 171, 1.0, List(61, 45, 77, 18), List(14, 61, 49, 32, 83, 14, 70, 36, 40, 14, 46, 68, 9, 47, 20), List(), List(1479087652, -434756477, -944795857, -102617059), true, false)
(49, 92, 1.0, List(39, 8, 44, 96, 41), List(17, 98, 54), List(), List(-1373691694, 1631362494, 730798028, 898374568, -690020309), true, false)
(49, 112, 1.0, List(39, 8, 44, 96, 41), List(31, 5, 10, 97, 55, 81, 17, 41, 65, 86, 6, 86, 18, 96, 79), List(), List(-638462198, -416298725, -1584967070), true, false)
(50, 96, 1.0, List(78, 77, 47, 96, 59, 32, 50, 36, 3, 76, 68), List(39, 56, 72, 96, 43, 33, 64, 79, 31, 67, 68, 49, 99, 4, 82, 8, 26, 27, 82), List(), List(1785450158, 1270344282, 1889367044), true, false)
(50, 60, 1.0, List(78, 77, 47, 96, 59, 32, 50, 36, 3, 76, 68), List(45, 83, 98, 83, 12, 64, 85, 75, 92, 17, 32, 46, 81, 91, 27, 9, 1), List(), List(1214581259, -2115807089, 671373037, -685898314), true, false)
(51, 73, 1.0, List(46, 61, 13, 13, 34, 59, 85, 58, 66, 43, 52, 24, 62, 25, 42, 45, 26, 79, 81), List(93, 47, 21, 41, 47), List(-290796110, 930556387, 857181062), List(), false, false)
(51, 174, 1.0, List(46, 61, 13, 13, 34, 59, 85, 58, 66, 43, 52, 24, 62, 25, 42, 45, 26, 79, 81), List(11, 11, 25, 72, 60, 93, 44, 28, 17, 78), List(-290796110, 930556387, 857181062), List(-807210607, 655072302, -180655229, -1126321591, 2054965100, -319207743), false, false)
(52, 102, 1.0, List(68, 61, 60, 31, 74, 24, 43, 2, 73, 61, 90, 49, 12), List(43, 86, 46, 24, 40, 96, 8, 36, 16, 61, 53, 12, 45, 11, 37, 83), List(), List(14901885, -1129228878, -106345269, -127946743), false, false)
(53, 36, 1.0, List(39, 28, 20, 34, 16), List(55, 3, 81, 43, 77, 88, 57, 38, 27, 98, 30, 52, 34), List(333547092, -639230673, -2119071963), List(1926779782, -1406910630, -919655209, -517815254), false, false)
(53, 139, 1.0, List(39, 28, 20, 34, 16), List(59, 52, 22, 11, 9, 14, 83, 56, 61, 15, 41, 56, 47, 90, 57), List(333547092, -639230673, -2119071963), List(508366850, 1493196320, -1756785409, 2000913623), false, false)
(54, 146, 1.0, List(50, 38, 92, 36, 34, 97, 35, 7, 49, 55, 92), List(74, 43, 34, 18, 64, 35, 5, 97, 41, 32, 1, 93), List(), List(), false, false)
(55, 152, 1.0, List(90, 94, 63, 65), List(), List(), List(1106458970, -230652902), false, false)
(57, 122, 1.0, List(34, 75, 40, 43, 43, 58, 79, 36, 78, 4, 24, 3, 89, 10), List(2, 38, 41, 7, 7, 54, 26, 93, 97, 69, 9), List(), List(1866255163, 780774921), false, false)
(57, 73, 1.0, List(34, 75, 40, 43, 43, 58, 79, 36, 78, 4, 24, 3, 89, 10), List(93, 47, 21, 41, 47), List(), List(), false, false)
(58, 143, 1.0, List(35, 14, 39, 17, 45, 75, 95), List(54, 76, 15, 36, 89, 78, 85, 47, 59), List(), List(1348855662, 465433556), false, false)
(58, 77, 1.0, List(35, 14, 39, 17, 45, 75, 95), List(5, 6, 89), List(), List(616359251, -1030426383, 1702703630), false, false)
(59, 121, 1.0, List(63, 58, 1, 90, 18, 2, 98, 15, 3, 0, 21, 25, 55, 0, 82), List(77, 73, 17, 11, 15), List(), List(), false, false)
(59, 54, 1.0, List(63, 58, 1, 90, 18, 2, 98, 15, 3, 0, 21, 25, 55, 0, 82), List(50, 38, 92, 36, 34, 97, 35, 7, 49, 55, 92), List(), List(), false, false)
(60, 179, 1.0, List(45, 83, 98, 83, 12, 64, 85, 75, 92, 17, 32, 46, 81, 91, 27, 9, 1), List(70, 36, 78, 71, 5, 54, 10, 13, 99, 18, 52, 79, 90, 42, 90, 89), List(1214581259, -2115807089, 671373037, -685898314), List(), false, false)
(60, 151, 1.0, List(45, 83, 98, 83, 12, 64, 85, 75, 92, 17, 32, 46, 81, 91, 27, 9, 1), List(9, 1, 99, 63, 92, 89, 48, 29, 35, 57, 88, 63, 31, 50, 78, 82, 29, 47, 85), List(1214581259, -2115807089, 671373037, -685898314), List(-1016029446, 1129184226, 425469001, 1456860346, -888769038), false, false)
(61, 84, 1.0, List(77, 97, 22, 53, 8, 48, 65, 19, 63, 51, 44, 44, 7, 71, 72, 16, 22, 10), List(88, 51, 79, 30), List(1395301365, 1681485625), List(387430527, -870085040, 971856801, 488965486, -1809134758, 1260467204), false, true)
(63, 44, 1.0, List(45, 51, 18, 33, 17, 37, 58, 52, 47, 38, 12), List(14, 80), List(839456110, 1814627466, 2081831352), List(), false, true)
(64, 17, 1.0, List(72, 45, 62, 38, 2, 51), List(8, 6, 64, 94, 92, 21, 94, 41, 64, 35, 36, 84, 84, 84), List(), List(-1118714997, 1651690176, 2088975666), false, false)
(64, 124, 1.0, List(72, 45, 62, 38, 2, 51), List(4, 43), List(), List(709190971, -532669791, 1680199048, -23358256, 752175228), false, false)
(64, 37, 1.0, List(72, 45, 62, 38, 2, 51), List(25, 87, 20, 15, 56), List(), List(1279720810, -575542529), false, false)
(64, 85, 1.0, List(72, 45, 62, 38, 2, 51), List(24, 91, 21, 5, 1, 37), List(), List(), false, false)
(65, 94, 1.0, List(), List(31, 75, 18, 68, 28, 85, 97, 44, 1, 77), List(), List(-972987113, -1799224731), true, false)
(65, 13, 1.0, List(), List(38, 17, 47, 85, 45, 25, 97, 45, 57, 8, 48, 80, 26, 74, 54, 26, 71, 20, 9), List(), List(-792544352, -1798921483, 467783864, -594614106), true, false)
(65, 118, 1.0, List(), List(95, 14, 41, 58, 55, 16, 28, 82, 82, 28, 50, 6, 6, 83, 55), List(), List(1382656031, 775455102, 852971407, 803475828), true, false)
(65, 5, 1.0, List(), List(59), List(), List(2023443443, -318373269, 1331913082, -384571142, -1274348611), true, false)
(66, 101, 1.0, List(80, 25, 95, 29, 30, 83, 58, 93), List(97, 30, 22), List(382399094, -59657910), List(-967861179, -559017216, -799649725), true, false)
(66, 140, 1.0, List(80, 25, 95, 29, 30, 83, 58, 93), List(20, 43, 50, 21, 83, 42, 16, 23, 10, 94, 22, 43, 92, 89, 84), List(382399094, -59657910), List(1090874614), true, false)
(66, 130, 1.0, List(80, 25, 95, 29, 30, 83, 58, 93), List(76, 27, 30, 23, 58, 34, 43, 35, 47, 61, 49, 80, 32, 22, 30, 93, 24, 76, 53), List(382399094, -59657910), List(), true, false)
(67, 68, 1.0, List(81, 67, 25, 21, 80, 13, 92, 39, 83), List(71, 21, 58, 6, 5, 55, 98, 54, 65, 35, 78, 88), List(), List(1109529832), false, false)
(67, 187, 1.0, List(81, 67, 25, 21, 80, 13, 92, 39, 83), List(84, 48, 77, 45, 70, 37, 76, 53, 22, 28, 96, 9, 45, 52, 52, 5), List(), List(), false, true)
(68, 173, 1.0, List(71, 21, 58, 6, 5, 55, 98, 54, 65, 35, 78, 88), List(42, 50, 31, 35, 31, 67, 1, 90, 75, 58, 90, 75, 61, 37, 93), List(1109529832), List(1474635116), false, false)
(69, 189, 1.0, List(24, 87, 12, 76, 81, 70, 96, 94, 59, 2, 79, 49), List(50, 26, 39, 76, 70, 19, 71, 27, 20, 48, 80, 5, 75, 43, 46), List(), List(-939406738, -174838831, -1281310860, 47286225, -69771981, -1076381994), false, false)
(69, 86, 1.0, List(24, 87, 12, 76, 81, 70, 96, 94, 59, 2, 79, 49), List(11, 84, 72, 82, 51, 0, 91, 71, 89, 88, 81, 18, 68, 43, 96, 16, 37, 27, 98), List(), List(), false, false)
(70, 176, 1.0, List(74, 1, 92, 58, 10, 22, 56), List(85), List(267093295, -1618924889, -1325800703, 62146436, 1597233174), List(1629811260, -665371366), false, false)
(71, 16, 1.0, List(95, 46, 99, 86, 12, 86, 67, 67, 27, 52), List(65, 65, 86, 62, 39, 78, 46), List(), List(-1048497991, 437342064, 21520025, 1294424506, 1641100324, 1750480004), false, false)
(71, 12, 1.0, List(95, 46, 99, 86, 12, 86, 67, 67, 27, 52), List(19, 88, 54, 2, 35, 23, 11, 95, 33, 27, 84, 76, 30, 32), List(), List(), false, false)
(71, 102, 1.0, List(95, 46, 99, 86, 12, 86, 67, 67, 27, 52), List(43, 86, 46, 24, 40, 96, 8, 36, 16, 61, 53, 12, 45, 11, 37, 83), List(), List(14901885, -1129228878, -106345269, -127946743), false, false)
(72, 29, 1.0, List(76, 77, 73, 94, 19, 62, 46, 59, 2, 53, 47, 38, 67, 72, 85, 19, 43, 79, 37), List(29, 50, 59, 70, 82, 67), List(1016087178, -1418458207, -1915074190, 928640278), List(1657714128), false, false)
(73, 25, 1.0, List(93, 47, 21, 41, 47), List(0, 12, 92, 60, 2, 8, 52, 33, 92, 58, 53, 65, 13, 29, 70, 33), List(), List(), false, false)
(74, 164, 1.0, List(52, 26, 16, 39, 71, 46, 49, 42, 99, 65, 36, 28, 55, 35, 73), List(60, 43, 12, 62, 6, 52), List(), List(), false, false)
(75, 5, 1.0, List(67, 53, 49, 52), List(59), List(2050388323, -1384020400, 1584284200, 1141708814, 1846272913, -997436736), List(2023443443, -318373269, 1331913082, -384571142, -1274348611), true, false)
(75, 127, 1.0, List(67, 53, 49, 52), List(76, 86, 63, 18, 22, 45, 27, 6, 57, 35, 87), List(2050388323, -1384020400, 1584284200, 1141708814, 1846272913, -997436736), List(), true, true)
(76, 79, 1.0, List(14, 68, 32, 55, 95, 80), List(9, 95, 28, 19, 47, 47, 16, 4, 79, 61, 55, 84, 16), List(), List(), false, false)
(76, 42, 1.0, List(14, 68, 32, 55, 95, 80), List(15, 48, 38, 35, 19, 24, 62), List(), List(-519069847, 1078499734, -681567254, 609018061, 1363419274, -1904781735), false, true)
(76, 136, 1.0, List(14, 68, 32, 55, 95, 80), List(92, 28, 93, 18), List(), List(-37105773), false, false)
(77, 193, 1.0, List(5, 6, 89), List(1, 4, 47, 6, 64, 96, 16, 15, 46, 60, 29, 84), List(616359251, -1030426383, 1702703630), List(-966248191, -270916479), false, false)
(77, 182, 1.0, List(5, 6, 89), List(40, 44, 40, 13, 64, 19), List(616359251, -1030426383, 1702703630), List(1622444596), false, false)
(78, 144, 1.0, List(42, 54, 24), List(79, 0, 30, 6, 50, 88, 76, 8, 7, 22, 9, 3, 25, 52, 30, 86), List(-1333620915, 756415080, -1038803349, 2039100994, -693772278), List(2131119096, -1298754526, -212356357, -766344056), false, false)
(79, 73, 1.0, List(9, 95, 28, 19, 47, 47, 16, 4, 79, 61, 55, 84, 16), List(93, 47, 21, 41, 47), List(), List(), false, false)
(80, 93, 1.0, List(10, 67, 52, 25, 76, 50, 18), List(50, 6, 1, 22, 2, 92, 16), List(1618372329, 1425103338, -2077308589, 1483256572), List(), false, false)
(80, 10, 1.0, List(10, 67, 52, 25, 76, 50, 18), List(15, 88, 11, 51, 20, 23, 63, 67, 71, 80), List(1618372329, 1425103338, -2077308589, 1483256572), List(), false, false)
(80, 106, 1.0, List(10, 67, 52, 25, 76, 50, 18), List(45, 45, 74, 43, 81, 43, 68, 79, 71), List(1618372329, 1425103338, -2077308589, 1483256572), List(), false, true)
(81, 167, 1.0, List(87, 53, 78, 60, 58, 30, 76, 58), List(64, 68, 14, 93, 36, 50, 59, 77, 88), List(-1521273990, -1162429358, 931197430, 1021003731, -842995482, -771369060), List(), false, false)
(82, 2, 1.0, List(31, 24, 26, 77, 77), List(67, 94, 7, 31, 99, 31, 94, 84, 83, 7, 59, 83, 17, 10, 25, 73), List(865584127, 1910319306, -1346930836), List(895481357, 368310742, 1794778702, 870076886, 936138823), false, false)
(82, 163, 1.0, List(31, 24, 26, 77, 77), List(6, 32, 59, 9, 87, 79, 0, 23), List(865584127, 1910319306, -1346930836), List(1707927333, -1133378671, 169521877, -1546586641, -891317571, -741388274), false, false)
(82, 123, 1.0, List(31, 24, 26, 77, 77), List(90, 21, 37, 63, 36, 4, 20, 93, 18, 70), List(865584127, 1910319306, -1346930836), List(320415638, 1206013539, -599727743, -1818227182, -1964222047, -1897293605), false, false)
(83, 129, 1.0, List(59, 81, 85, 34, 4, 96, 69, 78, 87, 73, 20, 84, 6), List(6, 23, 16, 7, 17, 28, 89, 62, 61, 3, 71, 55, 91, 33, 19, 21, 32), List(), List(-146441554, 63751937, -1186947783, -196321782, 1068910699), false, false)
(83, 70, 1.0, List(59, 81, 85, 34, 4, 96, 69, 78, 87, 73, 20, 84, 6), List(74, 1, 92, 58, 10, 22, 56), List(), List(267093295, -1618924889, -1325800703, 62146436, 1597233174), false, false)
(84, 106, 1.0, List(88, 51, 79, 30), List(45, 45, 74, 43, 81, 43, 68, 79, 71), List(387430527, -870085040, 971856801, 488965486, -1809134758, 1260467204), List(), true, true)
(84, 136, 1.0, List(88, 51, 79, 30), List(92, 28, 93, 18), List(387430527, -870085040, 971856801, 488965486, -1809134758, 1260467204), List(-37105773), true, false)
(85, 162, 1.0, List(24, 91, 21, 5, 1, 37), List(12, 58, 56, 24, 98, 75, 53, 10, 88, 97, 25, 90, 34, 42), List(), List(561742141, -2034392540), false, false)
(85, 153, 1.0, List(24, 91, 21, 5, 1, 37), List(99, 83, 28, 36, 69, 66, 43, 1, 18, 88), List(), List(-164400415, -289510345), false, false)
(85, 194, 1.0, List(24, 91, 21, 5, 1, 37), List(90, 28, 93, 69, 68, 53, 8, 18, 60, 56), List(), List(-1899560379, -426041377), false, false)
(86, 116, 1.0, List(11, 84, 72, 82, 51, 0, 91, 71, 89, 88, 81, 18, 68, 43, 96, 16, 37, 27, 98), List(48, 59, 96, 38, 75, 0, 98, 87, 64, 95, 97, 76, 59, 72), List(), List(377058687), false, false)
(87, 17, 1.0, List(85, 35, 43, 15, 95, 96, 73, 95, 11), List(8, 6, 64, 94, 92, 21, 94, 41, 64, 35, 36, 84, 84, 84), List(), List(-1118714997, 1651690176, 2088975666), false, false)
(87, 113, 1.0, List(85, 35, 43, 15, 95, 96, 73, 95, 11), List(36, 18, 54, 40, 85), List(), List(-1087077169, 211216543, -452100241, 1139321038, 554390161), false, false)
(87, 8, 1.0, List(85, 35, 43, 15, 95, 96, 73, 95, 11), List(26, 83, 96, 40, 86, 2, 1, 9, 41, 32, 0, 27, 71, 92, 56, 48), List(), List(775704628, 1880001665, -525860873), false, false)
(88, 149, 1.0, List(36, 21, 19, 35, 90, 60, 71, 78, 20, 46, 78, 19, 87, 64, 36, 6), List(59, 28, 37, 64, 63, 27, 92, 30), List(-1389245408), List(-867274131, 831840600), false, false)
(89, 19, 1.0, List(23, 10, 85, 83, 72, 29, 65, 86, 80, 48, 88, 42, 76, 97, 29, 11, 51, 10, 37), List(11, 23, 50, 62, 67, 50, 42, 30, 95, 17, 18, 70, 76, 80), List(1207749006), List(), true, false)
(90, 141, 1.0, List(7, 93, 30, 45, 66, 37, 15, 90, 35, 68, 84), List(74, 24, 93, 80, 43, 23, 79, 63), List(), List(), false, false)
(91, 177, 1.0, List(35, 71, 75, 7, 80, 99, 59, 5, 48, 42, 72, 69, 87), List(93, 71, 31, 50, 73, 66, 13, 86, 9, 37), List(1913657751, -730621698), List(1964120222, -1295563858, 2134339053), false, false)
(91, 180, 1.0, List(35, 71, 75, 7, 80, 99, 59, 5, 48, 42, 72, 69, 87), List(20, 92), List(1913657751, -730621698), List(-205442255), false, false)
(91, 5, 1.0, List(35, 71, 75, 7, 80, 99, 59, 5, 48, 42, 72, 69, 87), List(59), List(1913657751, -730621698), List(2023443443, -318373269, 1331913082, -384571142, -1274348611), false, false)
(92, 63, 1.0, List(17, 98, 54), List(45, 51, 18, 33, 17, 37, 58, 52, 47, 38, 12), List(-1373691694, 1631362494, 730798028, 898374568, -690020309), List(839456110, 1814627466, 2081831352), false, false)
(93, 109, 1.0, List(50, 6, 1, 22, 2, 92, 16), List(18, 2, 26, 66, 81, 37, 73, 5, 89, 40, 67, 70, 20, 70), List(), List(1312979865, 1637460153, -1901810685, -1549069060, -1060393792, -1748889544), false, false)
(93, 42, 1.0, List(50, 6, 1, 22, 2, 92, 16), List(15, 48, 38, 35, 19, 24, 62), List(), List(-519069847, 1078499734, -681567254, 609018061, 1363419274, -1904781735), false, true)
(94, 43, 1.0, List(31, 75, 18, 68, 28, 85, 97, 44, 1, 77), List(19, 66, 89), List(-972987113, -1799224731), List(), false, false)
(95, 13, 1.0, List(40, 21, 76, 15), List(38, 17, 47, 85, 45, 25, 97, 45, 57, 8, 48, 80, 26, 74, 54, 26, 71, 20, 9), List(-1858354362, 1536635257, 1631754049), List(-792544352, -1798921483, 467783864, -594614106), false, false)
(95, 180, 1.0, List(40, 21, 76, 15), List(20, 92), List(-1858354362, 1536635257, 1631754049), List(-205442255), false, false)
(95, 130, 1.0, List(40, 21, 76, 15), List(76, 27, 30, 23, 58, 34, 43, 35, 47, 61, 49, 80, 32, 22, 30, 93, 24, 76, 53), List(-1858354362, 1536635257, 1631754049), List(), false, false)
(95, 186, 1.0, List(40, 21, 76, 15), List(16, 68, 99, 70, 65, 25, 55), List(-1858354362, 1536635257, 1631754049), List(718868527, 2082040886, 113601102), false, false)
(95, 154, 1.0, List(40, 21, 76, 15), List(33, 94, 24, 71, 35, 5, 12), List(-1858354362, 1536635257, 1631754049), List(-1955196494, -135568265, 420070150), false, false)
(96, 160, 1.0, List(39, 56, 72, 96, 43, 33, 64, 79, 31, 67, 68, 49, 99, 4, 82, 8, 26, 27, 82), List(1, 12, 5, 2, 10, 80), List(1785450158, 1270344282, 1889367044), List(), false, false)
(97, 191, 1.0, List(93, 83), List(11, 95, 57, 43, 78, 13, 73, 10), List(2073712881, -1040102094, -1525635613, 1357389673), List(), false, false)
(98, 113, 1.0, List(12, 59, 88, 29, 32, 79, 47, 98, 63, 28), List(36, 18, 54, 40, 85), List(1133735680, -1648494878, 2117806373, 1528195685, 1409621515), List(-1087077169, 211216543, -452100241, 1139321038, 554390161), true, false)
(98, 30, 1.0, List(12, 59, 88, 29, 32, 79, 47, 98, 63, 28), List(35, 45, 63, 25, 65, 49, 7, 56, 13, 38), List(1133735680, -1648494878, 2117806373, 1528195685, 1409621515), List(), true, false)
(99, 94, 1.0, List(7, 60, 50, 22, 46, 89, 77, 39, 96, 6, 74, 61, 56, 92, 98, 15, 73), List(31, 75, 18, 68, 28, 85, 97, 44, 1, 77), List(2145907721, -1448936153, -505309216), List(-972987113, -1799224731), false, false)
(100, 22, 1.0, List(97, 39, 66, 95, 39, 99, 20, 56, 19, 63, 51, 73, 62, 80, 71, 25, 35, 48), List(5, 1, 84, 16, 89), List(1824249702, 1011421519, 1149436842, 521103166), List(877454654), false, false)
(101, 131, 1.0, List(97, 30, 22), List(34, 29, 15, 31, 38, 10, 19, 93, 56, 46, 40, 39), List(-967861179, -559017216, -799649725), List(377270483), false, false)
(102, 153, 1.0, List(43, 86, 46, 24, 40, 96, 8, 36, 16, 61, 53, 12, 45, 11, 37, 83), List(99, 83, 28, 36, 69, 66, 43, 1, 18, 88), List(14901885, -1129228878, -106345269, -127946743), List(-164400415, -289510345), false, false)
(102, 162, 1.0, List(43, 86, 46, 24, 40, 96, 8, 36, 16, 61, 53, 12, 45, 11, 37, 83), List(12, 58, 56, 24, 98, 75, 53, 10, 88, 97, 25, 90, 34, 42), List(14901885, -1129228878, -106345269, -127946743), List(561742141, -2034392540), false, false)
(103, 66, 1.0, List(92, 9, 27, 58, 25, 73, 13, 30, 45, 85, 60, 96, 23), List(80, 25, 95, 29, 30, 83, 58, 93), List(-707613850, 341787000, -549343633, 461412195, -439318235), List(382399094, -59657910), false, true)
(104, 83, 1.0, List(52, 6, 87, 76, 13, 57, 19, 20, 80, 2, 78, 62, 75, 29, 6), List(59, 81, 85, 34, 4, 96, 69, 78, 87, 73, 20, 84, 6), List(270742142, 2033661178), List(), false, false)
(105, 122, 1.0, List(64, 23, 35, 64, 36, 9, 62, 67), List(2, 38, 41, 7, 7, 54, 26, 93, 97, 69, 9), List(), List(1866255163, 780774921), false, false)
(106, 152, 1.0, List(45, 45, 74, 43, 81, 43, 68, 79, 71), List(), List(), List(1106458970, -230652902), true, false)
(106, 11, 1.0, List(45, 45, 74, 43, 81, 43, 68, 79, 71), List(32, 29, 64, 33, 94, 87, 7, 56, 57), List(), List(-213054207, 1853202801), true, false)
(106, 117, 1.0, List(45, 45, 74, 43, 81, 43, 68, 79, 71), List(78, 14, 27, 90, 66, 14, 53, 44, 93, 80, 6), List(), List(298231967, -471664600, -914759149, 437880902), true, false)
(106, 123, 1.0, List(45, 45, 74, 43, 81, 43, 68, 79, 71), List(90, 21, 37, 63, 36, 4, 20, 93, 18, 70), List(), List(320415638, 1206013539, -599727743, -1818227182, -1964222047, -1897293605), true, false)
(107, 48, 1.0, List(74), List(20, 93, 73, 10, 43), List(-919331330, -481226128, -2063032730, 238168421, -445308536, 1564610389), List(-1771801950, 2058853988), true, false)
(108, 170, 1.0, List(61, 1, 38), List(95, 73, 29, 9, 64, 90, 19, 26, 51, 56, 26, 82, 70, 9, 90, 34, 29, 28, 58), List(), List(), false, false)
(108, 133, 1.0, List(61, 1, 38), List(90, 56, 87, 64), List(), List(), false, false)
(108, 7, 1.0, List(61, 1, 38), List(9, 94, 69, 59, 75, 5, 69, 95, 42, 97, 34, 39, 97, 32, 19, 31), List(), List(), false, false)
(109, 197, 1.0, List(18, 2, 26, 66, 81, 37, 73, 5, 89, 40, 67, 70, 20, 70), List(81, 60, 74, 13, 73, 38, 47, 43, 0), List(1312979865, 1637460153, -1901810685, -1549069060, -1060393792, -1748889544), List(), false, true)
(110, 122, 1.0, List(30, 73, 54, 39, 13, 47, 84, 77, 83, 87, 32, 94, 47, 11, 0, 73, 18), List(2, 38, 41, 7, 7, 54, 26, 93, 97, 69, 9), List(1237734347, 1667371682, -2094005412, 766446134, -1476830341, 1173584588), List(1866255163, 780774921), false, false)
(111, 20, 1.0, List(11, 68, 87, 44, 73, 36, 63, 20, 72, 65, 80, 41, 18, 88), List(30, 57, 14, 45, 58, 46, 40, 96, 87, 1, 5, 98, 94, 50, 90), List(249560746, 577105485), List(), false, false)
(112, 23, 1.0, List(31, 5, 10, 97, 55, 81, 17, 41, 65, 86, 6, 86, 18, 96, 79), List(82, 68, 24, 93, 70, 71), List(-638462198, -416298725, -1584967070), List(506117402, -337194743), false, false)
(113, 160, 1.0, List(36, 18, 54, 40, 85), List(1, 12, 5, 2, 10, 80), List(-1087077169, 211216543, -452100241, 1139321038, 554390161), List(), false, false)
(113, 185, 1.0, List(36, 18, 54, 40, 85), List(62), List(-1087077169, 211216543, -452100241, 1139321038, 554390161), List(-1796650166), false, false)
(114, 70, 1.0, List(37, 81, 84, 7, 92, 19, 65, 12, 43, 64, 69, 73, 46, 5, 91, 6, 27, 78, 37), List(74, 1, 92, 58, 10, 22, 56), List(-1035256622, 972755846), List(267093295, -1618924889, -1325800703, 62146436, 1597233174), false, false)
(115, 46, 1.0, List(2, 67, 68, 84, 22, 42, 70, 93, 74, 98, 89, 15, 20, 57, 20, 0, 6, 5, 10), List(81, 84, 11, 50, 4, 95, 49, 45, 70, 15, 11, 51), List(), List(), false, true)
(115, 183, 1.0, List(2, 67, 68, 84, 22, 42, 70, 93, 74, 98, 89, 15, 20, 57, 20, 0, 6, 5, 10), List(21, 3, 50, 33, 22, 75, 97, 44), List(), List(966106653, -928136166, -314107973, -160699279), false, false)
(116, 83, 1.0, List(48, 59, 96, 38, 75, 0, 98, 87, 64, 95, 97, 76, 59, 72), List(59, 81, 85, 34, 4, 96, 69, 78, 87, 73, 20, 84, 6), List(377058687), List(), false, false)
(117, 106, 1.0, List(78, 14, 27, 90, 66, 14, 53, 44, 93, 80, 6), List(45, 45, 74, 43, 81, 43, 68, 79, 71), List(298231967, -471664600, -914759149, 437880902), List(), false, true)
(117, 169, 1.0, List(78, 14, 27, 90, 66, 14, 53, 44, 93, 80, 6), List(78, 90, 24, 48, 42, 58, 86, 20, 97, 11), List(298231967, -471664600, -914759149, 437880902), List(), false, false)
(117, 75, 1.0, List(78, 14, 27, 90, 66, 14, 53, 44, 93, 80, 6), List(67, 53, 49, 52), List(298231967, -471664600, -914759149, 437880902), List(2050388323, -1384020400, 1584284200, 1141708814, 1846272913, -997436736), false, true)
(119, 27, 1.0, List(88, 23, 40, 45, 86, 58, 96, 32, 89, 41, 86, 17, 61, 87, 66, 30, 27, 46), List(1), List(-1968768720, 1566628960, -1632140265, 395661999, -1475474071), List(), false, false)
(119, 199, 1.0, List(88, 23, 40, 45, 86, 58, 96, 32, 89, 41, 86, 17, 61, 87, 66, 30, 27, 46), List(73, 46), List(-1968768720, 1566628960, -1632140265, 395661999, -1475474071), List(), false, false)
(119, 50, 1.0, List(88, 23, 40, 45, 86, 58, 96, 32, 89, 41, 86, 17, 61, 87, 66, 30, 27, 46), List(78, 77, 47, 96, 59, 32, 50, 36, 3, 76, 68), List(-1968768720, 1566628960, -1632140265, 395661999, -1475474071), List(), false, true)
(120, 166, 1.0, List(4, 6), List(70, 0, 37, 8, 4, 83, 31, 8, 62), List(), List(-1537552838, 125772348, 434914475, -2078154342), false, false)
(121, 161, 1.0, List(77, 73, 17, 11, 15), List(89, 33, 68, 78, 35, 17, 46), List(), List(309337195, -28102497, -629359619, -24643475, 765966744), false, false)
(122, 185, 1.0, List(2, 38, 41, 7, 7, 54, 26, 93, 97, 69, 9), List(62), List(1866255163, 780774921), List(-1796650166), false, false)
(123, 87, 1.0, List(90, 21, 37, 63, 36, 4, 20, 93, 18, 70), List(85, 35, 43, 15, 95, 96, 73, 95, 11), List(320415638, 1206013539, -599727743, -1818227182, -1964222047, -1897293605), List(), false, false)
(123, 179, 1.0, List(90, 21, 37, 63, 36, 4, 20, 93, 18, 70), List(70, 36, 78, 71, 5, 54, 10, 13, 99, 18, 52, 79, 90, 42, 90, 89), List(320415638, 1206013539, -599727743, -1818227182, -1964222047, -1897293605), List(), false, false)
(123, 97, 1.0, List(90, 21, 37, 63, 36, 4, 20, 93, 18, 70), List(93, 83), List(320415638, 1206013539, -599727743, -1818227182, -1964222047, -1897293605), List(2073712881, -1040102094, -1525635613, 1357389673), false, false)
(124, 65, 1.0, List(4, 43), List(), List(709190971, -532669791, 1680199048, -23358256, 752175228), List(), false, true)
(125, 5, 1.0, List(2, 25, 65, 59, 87), List(59), List(1046739022, 2071514266), List(2023443443, -318373269, 1331913082, -384571142, -1274348611), false, false)
(126, 99, 1.0, List(82, 69, 39, 82, 71, 70, 62, 2, 6, 85, 29, 99, 13, 49), List(7, 60, 50, 22, 46, 89, 77, 39, 96, 6, 74, 61, 56, 92, 98, 15, 73), List(), List(2145907721, -1448936153, -505309216), false, false)
(126, 42, 1.0, List(82, 69, 39, 82, 71, 70, 62, 2, 6, 85, 29, 99, 13, 49), List(15, 48, 38, 35, 19, 24, 62), List(), List(-519069847, 1078499734, -681567254, 609018061, 1363419274, -1904781735), false, true)
(127, 102, 1.0, List(76, 86, 63, 18, 22, 45, 27, 6, 57, 35, 87), List(43, 86, 46, 24, 40, 96, 8, 36, 16, 61, 53, 12, 45, 11, 37, 83), List(), List(14901885, -1129228878, -106345269, -127946743), true, false)
(127, 156, 1.0, List(76, 86, 63, 18, 22, 45, 27, 6, 57, 35, 87), List(72, 30, 36, 61, 12, 4, 99, 34, 85, 52), List(), List(), true, false)
(128, 89, 1.0, List(90, 23, 82, 66, 17, 94, 32, 33, 37, 32), List(23, 10, 85, 83, 72, 29, 65, 86, 80, 48, 88, 42, 76, 97, 29, 11, 51, 10, 37), List(-392660610, 892024526, 1871265551, -1753172700, -1203660049), List(1207749006), false, true)
(128, 39, 1.0, List(90, 23, 82, 66, 17, 94, 32, 33, 37, 32), List(3, 46, 18, 17, 18, 62, 33, 29, 51), List(-392660610, 892024526, 1871265551, -1753172700, -1203660049), List(-1666237512, -1076637506, 1695621121, -1688171198, -1940943401, 53178137), false, false)
(128, 113, 1.0, List(90, 23, 82, 66, 17, 94, 32, 33, 37, 32), List(36, 18, 54, 40, 85), List(-392660610, 892024526, 1871265551, -1753172700, -1203660049), List(-1087077169, 211216543, -452100241, 1139321038, 554390161), false, false)
(129, 114, 1.0, List(6, 23, 16, 7, 17, 28, 89, 62, 61, 3, 71, 55, 91, 33, 19, 21, 32), List(37, 81, 84, 7, 92, 19, 65, 12, 43, 64, 69, 73, 46, 5, 91, 6, 27, 78, 37), List(-146441554, 63751937, -1186947783, -196321782, 1068910699), List(-1035256622, 972755846), false, false)
(130, 138, 1.0, List(76, 27, 30, 23, 58, 34, 43, 35, 47, 61, 49, 80, 32, 22, 30, 93, 24, 76, 53), List(27, 56, 82, 44, 86, 32, 57), List(), List(-1940319047, -681664461), false, false)
(131, 127, 1.0, List(34, 29, 15, 31, 38, 10, 19, 93, 56, 46, 40, 39), List(76, 86, 63, 18, 22, 45, 27, 6, 57, 35, 87), List(377270483), List(), false, true)
(131, 35, 1.0, List(34, 29, 15, 31, 38, 10, 19, 93, 56, 46, 40, 39), List(70, 87, 44, 77, 40, 26, 9, 60, 20, 77, 65, 53, 11, 10, 28, 15), List(377270483), List(), false, false)
(132, 5, 1.0, List(81, 28, 15, 14, 63, 51, 55, 73, 89, 35, 78, 12, 30, 4, 39, 25, 66, 90), List(59), List(-1954670170, 1465586893), List(2023443443, -318373269, 1331913082, -384571142, -1274348611), false, false)
(132, 17, 1.0, List(81, 28, 15, 14, 63, 51, 55, 73, 89, 35, 78, 12, 30, 4, 39, 25, 66, 90), List(8, 6, 64, 94, 92, 21, 94, 41, 64, 35, 36, 84, 84, 84), List(-1954670170, 1465586893), List(-1118714997, 1651690176, 2088975666), false, false)
(133, 147, 1.0, List(90, 56, 87, 64), List(68, 95, 22, 41, 24, 18, 67, 43, 17, 36, 64), List(), List(), false, false)
(133, 71, 1.0, List(90, 56, 87, 64), List(95, 46, 99, 86, 12, 86, 67, 67, 27, 52), List(), List(), false, false)
(133, 12, 1.0, List(90, 56, 87, 64), List(19, 88, 54, 2, 35, 23, 11, 95, 33, 27, 84, 76, 30, 32), List(), List(), false, false)
(134, 160, 1.0, List(45, 90, 65, 29, 15, 6, 20, 22, 92), List(1, 12, 5, 2, 10, 80), List(1241316320, 608972045), List(), true, false)
(134, 64, 1.0, List(45, 90, 65, 29, 15, 6, 20, 22, 92), List(72, 45, 62, 38, 2, 51), List(1241316320, 608972045), List(), true, false)
(134, 90, 1.0, List(45, 90, 65, 29, 15, 6, 20, 22, 92), List(7, 93, 30, 45, 66, 37, 15, 90, 35, 68, 84), List(1241316320, 608972045), List(), true, false)
(134, 183, 1.0, List(45, 90, 65, 29, 15, 6, 20, 22, 92), List(21, 3, 50, 33, 22, 75, 97, 44), List(1241316320, 608972045), List(966106653, -928136166, -314107973, -160699279), true, false)
(135, 62, 1.0, List(97), List(16, 92, 88, 73), List(), List(), false, false)
(135, 91, 1.0, List(97), List(35, 71, 75, 7, 80, 99, 59, 5, 48, 42, 72, 69, 87), List(), List(1913657751, -730621698), false, false)
(136, 182, 1.0, List(92, 28, 93, 18), List(40, 44, 40, 13, 64, 19), List(-37105773), List(1622444596), false, false)
(137, 97, 1.0, List(97, 46, 77, 90, 41, 6, 55, 6, 10, 60, 65), List(93, 83), List(2121021770, -1178567822, 65762512, -1724959280), List(2073712881, -1040102094, -1525635613, 1357389673), false, false)
(138, 142, 1.0, List(27, 56, 82, 44, 86, 32, 57), List(85, 30, 10, 97), List(-1940319047, -681664461), List(), false, true)
(139, 80, 1.0, List(59, 52, 22, 11, 9, 14, 83, 56, 61, 15, 41, 56, 47, 90, 57), List(10, 67, 52, 25, 76, 50, 18), List(508366850, 1493196320, -1756785409, 2000913623), List(1618372329, 1425103338, -2077308589, 1483256572), false, false)
(140, 17, 1.0, List(20, 43, 50, 21, 83, 42, 16, 23, 10, 94, 22, 43, 92, 89, 84), List(8, 6, 64, 94, 92, 21, 94, 41, 64, 35, 36, 84, 84, 84), List(1090874614), List(-1118714997, 1651690176, 2088975666), false, false)
(141, 164, 1.0, List(74, 24, 93, 80, 43, 23, 79, 63), List(60, 43, 12, 62, 6, 52), List(), List(), false, false)
(141, 156, 1.0, List(74, 24, 93, 80, 43, 23, 79, 63), List(72, 30, 36, 61, 12, 4, 99, 34, 85, 52), List(), List(), false, false)
(142, 99, 1.0, List(85, 30, 10, 97), List(7, 60, 50, 22, 46, 89, 77, 39, 96, 6, 74, 61, 56, 92, 98, 15, 73), List(), List(2145907721, -1448936153, -505309216), true, false)
(142, 185, 1.0, List(85, 30, 10, 97), List(62), List(), List(-1796650166), true, false)
(143, 188, 1.0, List(54, 76, 15, 36, 89, 78, 85, 47, 59), List(47, 71, 34, 67, 34, 40, 72, 37, 68, 58), List(1348855662, 465433556), List(317962011, 2136978628, 227222596, -439644443), false, false)
(143, 24, 1.0, List(54, 76, 15, 36, 89, 78, 85, 47, 59), List(50, 26, 68, 40, 72, 74, 36, 36, 12, 89, 32, 8, 25, 95, 55), List(1348855662, 465433556), List(1512288330, -650286974, -1698152038, -1414567175), false, true)
(144, 178, 1.0, List(79, 0, 30, 6, 50, 88, 76, 8, 7, 22, 9, 3, 25, 52, 30, 86), List(60, 73, 41, 71, 69, 74, 8, 37, 54, 44, 51, 70, 20, 92, 5, 57, 75, 88, 1), List(2131119096, -1298754526, -212356357, -766344056), List(-751503315, 1571644972, -748269346, 1471228624, -798475441, 1386006708), false, false)
(145, 94, 1.0, List(54, 30, 24, 88, 91, 21, 73, 18, 1, 17, 98, 44, 13, 98, 76), List(31, 75, 18, 68, 28, 85, 97, 44, 1, 77), List(1408604456, 1258338265, -297861607), List(-972987113, -1799224731), false, false)
(145, 90, 1.0, List(54, 30, 24, 88, 91, 21, 73, 18, 1, 17, 98, 44, 13, 98, 76), List(7, 93, 30, 45, 66, 37, 15, 90, 35, 68, 84), List(1408604456, 1258338265, -297861607), List(), false, false)
(146, 72, 1.0, List(74, 43, 34, 18, 64, 35, 5, 97, 41, 32, 1, 93), List(76, 77, 73, 94, 19, 62, 46, 59, 2, 53, 47, 38, 67, 72, 85, 19, 43, 79, 37), List(), List(1016087178, -1418458207, -1915074190, 928640278), false, false)
(147, 184, 1.0, List(68, 95, 22, 41, 24, 18, 67, 43, 17, 36, 64), List(75, 12, 14, 90, 29, 19, 22, 35, 20, 53, 58, 44, 66, 19, 74, 42, 20, 3, 38), List(), List(1773419637, 513609129), false, false)
(148, 68, 1.0, List(6, 46, 75, 19, 54), List(71, 21, 58, 6, 5, 55, 98, 54, 65, 35, 78, 88), List(-433686510, 205442862, -1185584788, -1910629900, -135693749), List(1109529832), false, false)
(149, 6, 1.0, List(59, 28, 37, 64, 63, 27, 92, 30), List(2, 17, 39, 26, 4, 29, 7, 21, 92, 63, 66, 14, 33, 96, 14, 43), List(-867274131, 831840600), List(36915621, 1483314387, 539481515), false, false)
(150, 103, 1.0, List(90, 4, 78, 21, 59, 46, 76, 78, 5, 88, 9, 90, 97, 53), List(92, 9, 27, 58, 25, 73, 13, 30, 45, 85, 60, 96, 23), List(), List(-707613850, 341787000, -549343633, 461412195, -439318235), false, false)
(150, 27, 1.0, List(90, 4, 78, 21, 59, 46, 76, 78, 5, 88, 9, 90, 97, 53), List(1), List(), List(), false, false)
(150, 70, 1.0, List(90, 4, 78, 21, 59, 46, 76, 78, 5, 88, 9, 90, 97, 53), List(74, 1, 92, 58, 10, 22, 56), List(), List(267093295, -1618924889, -1325800703, 62146436, 1597233174), false, false)
(151, 41, 1.0, List(9, 1, 99, 63, 92, 89, 48, 29, 35, 57, 88, 63, 31, 50, 78, 82, 29, 47, 85), List(67, 48, 35, 16, 41, 97, 98, 6, 95, 20, 61, 9, 81, 21, 66, 50), List(-1016029446, 1129184226, 425469001, 1456860346, -888769038), List(1375502517, -1654700823), false, false)
(152, 168, 1.0, List(), List(12, 68, 70, 44, 0, 82, 93, 48, 51, 40, 36, 17, 27, 6, 62, 2, 94), List(1106458970, -230652902), List(), false, false)
(152, 105, 1.0, List(), List(64, 23, 35, 64, 36, 9, 62, 67), List(1106458970, -230652902), List(), false, false)
(153, 56, 1.0, List(99, 83, 28, 36, 69, 66, 43, 1, 18, 88), List(8, 44, 97, 51, 7, 93, 92, 32, 25, 57, 84, 41), List(-164400415, -289510345), List(1648573547, 865622898, -1643357624, -1759735419), false, false)
(154, 28, 1.0, List(33, 94, 24, 71, 35, 5, 12), List(25, 41, 99), List(-1955196494, -135568265, 420070150), List(), false, false)
(154, 174, 1.0, List(33, 94, 24, 71, 35, 5, 12), List(11, 11, 25, 72, 60, 93, 44, 28, 17, 78), List(-1955196494, -135568265, 420070150), List(-807210607, 655072302, -180655229, -1126321591, 2054965100, -319207743), false, false)
(154, 186, 1.0, List(33, 94, 24, 71, 35, 5, 12), List(16, 68, 99, 70, 65, 25, 55), List(-1955196494, -135568265, 420070150), List(718868527, 2082040886, 113601102), false, false)
(154, 175, 1.0, List(33, 94, 24, 71, 35, 5, 12), List(), List(-1955196494, -135568265, 420070150), List(1614167967, 1475970818, 1542125447, 1391725185), false, false)
(155, 115, 1.0, List(43, 83, 89, 41, 99, 87, 78, 26), List(2, 67, 68, 84, 22, 42, 70, 93, 74, 98, 89, 15, 20, 57, 20, 0, 6, 5, 10), List(-762808906, 366772229, -1031350465), List(), false, false)
(155, 99, 1.0, List(43, 83, 89, 41, 99, 87, 78, 26), List(7, 60, 50, 22, 46, 89, 77, 39, 96, 6, 74, 61, 56, 92, 98, 15, 73), List(-762808906, 366772229, -1031350465), List(2145907721, -1448936153, -505309216), false, false)
(155, 141, 1.0, List(43, 83, 89, 41, 99, 87, 78, 26), List(74, 24, 93, 80, 43, 23, 79, 63), List(-762808906, 366772229, -1031350465), List(), false, false)
(156, 4, 1.0, List(72, 30, 36, 61, 12, 4, 99, 34, 85, 52), List(37, 4, 36, 25, 77, 14, 28, 58, 8, 34, 16, 40, 36, 1, 42, 11, 51, 74), List(), List(1546591265, -309227633, 436355716, 1655498562), false, true)
(157, 104, 1.0, List(4, 2, 41, 70, 65), List(52, 6, 87, 76, 13, 57, 19, 20, 80, 2, 78, 62, 75, 29, 6), List(-1369929428, -88598872, 352795454, 1714609655), List(270742142, 2033661178), false, false)
(157, 151, 1.0, List(4, 2, 41, 70, 65), List(9, 1, 99, 63, 92, 89, 48, 29, 35, 57, 88, 63, 31, 50, 78, 82, 29, 47, 85), List(-1369929428, -88598872, 352795454, 1714609655), List(-1016029446, 1129184226, 425469001, 1456860346, -888769038), false, false)
(158, 18, 1.0, List(83, 33, 65, 91, 67, 39, 34, 56, 69, 6, 27, 58, 75), List(55, 12, 35, 63, 17, 18, 4, 93, 62, 13, 13, 76, 23, 19, 81, 19, 27, 76), List(1675983295, 976516653, -1959843218, 1006875936, -910526444, -1327835360), List(), false, false)
(159, 160, 1.0, List(43, 61, 96, 64, 82, 8, 23, 41, 48, 80, 2, 84, 34, 25, 13, 48, 24, 31), List(1, 12, 5, 2, 10, 80), List(-1711165502), List(), false, false)
(159, 58, 1.0, List(43, 61, 96, 64, 82, 8, 23, 41, 48, 80, 2, 84, 34, 25, 13, 48, 24, 31), List(35, 14, 39, 17, 45, 75, 95), List(-1711165502), List(), false, false)
(159, 169, 1.0, List(43, 61, 96, 64, 82, 8, 23, 41, 48, 80, 2, 84, 34, 25, 13, 48, 24, 31), List(78, 90, 24, 48, 42, 58, 86, 20, 97, 11), List(-1711165502), List(), false, false)
(160, 148, 1.0, List(1, 12, 5, 2, 10, 80), List(6, 46, 75, 19, 54), List(), List(-433686510, 205442862, -1185584788, -1910629900, -135693749), false, false)
(160, 76, 1.0, List(1, 12, 5, 2, 10, 80), List(14, 68, 32, 55, 95, 80), List(), List(), false, false)
(160, 138, 1.0, List(1, 12, 5, 2, 10, 80), List(27, 56, 82, 44, 86, 32, 57), List(), List(-1940319047, -681664461), false, false)
(160, 188, 1.0, List(1, 12, 5, 2, 10, 80), List(47, 71, 34, 67, 34, 40, 72, 37, 68, 58), List(), List(317962011, 2136978628, 227222596, -439644443), false, false)
(161, 145, 1.0, List(89, 33, 68, 78, 35, 17, 46), List(54, 30, 24, 88, 91, 21, 73, 18, 1, 17, 98, 44, 13, 98, 76), List(309337195, -28102497, -629359619, -24643475, 765966744), List(1408604456, 1258338265, -297861607), false, false)
(161, 119, 1.0, List(89, 33, 68, 78, 35, 17, 46), List(88, 23, 40, 45, 86, 58, 96, 32, 89, 41, 86, 17, 61, 87, 66, 30, 27, 46), List(309337195, -28102497, -629359619, -24643475, 765966744), List(-1968768720, 1566628960, -1632140265, 395661999, -1475474071), false, false)
(161, 183, 1.0, List(89, 33, 68, 78, 35, 17, 46), List(21, 3, 50, 33, 22, 75, 97, 44), List(309337195, -28102497, -629359619, -24643475, 765966744), List(966106653, -928136166, -314107973, -160699279), false, false)
(162, 1, 1.0, List(12, 58, 56, 24, 98, 75, 53, 10, 88, 97, 25, 90, 34, 42), List(43, 79, 5, 66, 12, 88, 78, 2, 19, 57, 85, 19, 8, 54), List(561742141, -2034392540), List(-818288069, -208001313, -1543894685), false, false)
(162, 74, 1.0, List(12, 58, 56, 24, 98, 75, 53, 10, 88, 97, 25, 90, 34, 42), List(52, 26, 16, 39, 71, 46, 49, 42, 99, 65, 36, 28, 55, 35, 73), List(561742141, -2034392540), List(), false, false)
(162, 45, 1.0, List(12, 58, 56, 24, 98, 75, 53, 10, 88, 97, 25, 90, 34, 42), List(17, 45, 36, 69), List(561742141, -2034392540), List(1694790963, -862037496, 758765974, 544888893, -456104651), false, false)
(162, 35, 1.0, List(12, 58, 56, 24, 98, 75, 53, 10, 88, 97, 25, 90, 34, 42), List(70, 87, 44, 77, 40, 26, 9, 60, 20, 77, 65, 53, 11, 10, 28, 15), List(561742141, -2034392540), List(), false, false)
(163, 200, 1.0, List(6, 32, 59, 9, 87, 79, 0, 23), List(82, 42, 54, 87, 78, 78, 19, 26, 1, 24, 82, 26, 3), List(1707927333, -1133378671, 169521877, -1546586641, -891317571, -741388274), List(), false, false)
(164, 32, 1.0, List(60, 43, 12, 62, 6, 52), List(1, 73, 30, 27, 33, 33, 55, 32, 13), List(), List(), false, false)
(165, 31, 1.0, List(35, 43, 92, 95, 12, 32, 23, 24, 25, 80, 12, 9, 74, 64, 48, 4), List(56, 59, 9, 90, 97, 21, 80, 67, 45, 83, 26, 57, 8, 77, 88, 81, 98, 21), List(-1039726162, 2136634190, -155929777, 1566581586, -813873910), List(-1945307130, -34732914, 432060386, 666204116, 969152849, -315063142), false, false)
(166, 68, 1.0, List(70, 0, 37, 8, 4, 83, 31, 8, 62), List(71, 21, 58, 6, 5, 55, 98, 54, 65, 35, 78, 88), List(-1537552838, 125772348, 434914475, -2078154342), List(1109529832), false, false)
(166, 58, 1.0, List(70, 0, 37, 8, 4, 83, 31, 8, 62), List(35, 14, 39, 17, 45, 75, 95), List(-1537552838, 125772348, 434914475, -2078154342), List(), false, false)
(168, 78, 1.0, List(12, 68, 70, 44, 0, 82, 93, 48, 51, 40, 36, 17, 27, 6, 62, 2, 94), List(42, 54, 24), List(), List(-1333620915, 756415080, -1038803349, 2039100994, -693772278), false, false)
(168, 177, 1.0, List(12, 68, 70, 44, 0, 82, 93, 48, 51, 40, 36, 17, 27, 6, 62, 2, 94), List(93, 71, 31, 50, 73, 66, 13, 86, 9, 37), List(), List(1964120222, -1295563858, 2134339053), false, false)
(169, 135, 1.0, List(78, 90, 24, 48, 42, 58, 86, 20, 97, 11), List(97), List(), List(), false, false)
(170, 190, 1.0, List(95, 73, 29, 9, 64, 90, 19, 26, 51, 56, 26, 82, 70, 9, 90, 34, 29, 28, 58), List(56, 98, 61, 97, 37, 67, 51, 64, 33), List(), List(1349497014), false, false)
(170, 34, 1.0, List(95, 73, 29, 9, 64, 90, 19, 26, 51, 56, 26, 82, 70, 9, 90, 34, 29, 28, 58), List(44, 90, 13, 56, 59, 9, 65, 23, 71, 1, 39), List(), List(), false, false)
(170, 30, 1.0, List(95, 73, 29, 9, 64, 90, 19, 26, 51, 56, 26, 82, 70, 9, 90, 34, 29, 28, 58), List(35, 45, 63, 25, 65, 49, 7, 56, 13, 38), List(), List(), false, false)
(171, 155, 1.0, List(14, 61, 49, 32, 83, 14, 70, 36, 40, 14, 46, 68, 9, 47, 20), List(43, 83, 89, 41, 99, 87, 78, 26), List(1479087652, -434756477, -944795857, -102617059), List(-762808906, 366772229, -1031350465), false, false)
(171, 81, 1.0, List(14, 61, 49, 32, 83, 14, 70, 36, 40, 14, 46, 68, 9, 47, 20), List(87, 53, 78, 60, 58, 30, 76, 58), List(1479087652, -434756477, -944795857, -102617059), List(-1521273990, -1162429358, 931197430, 1021003731, -842995482, -771369060), false, false)
(171, 97, 1.0, List(14, 61, 49, 32, 83, 14, 70, 36, 40, 14, 46, 68, 9, 47, 20), List(93, 83), List(1479087652, -434756477, -944795857, -102617059), List(2073712881, -1040102094, -1525635613, 1357389673), false, false)
(172, 189, 1.0, List(), List(50, 26, 39, 76, 70, 19, 71, 27, 20, 48, 80, 5, 75, 43, 46), List(-1152032973, -1867435551, 1358837950, 157460020), List(-939406738, -174838831, -1281310860, 47286225, -69771981, -1076381994), false, false)
(172, 15, 1.0, List(), List(73, 51, 88, 27, 56, 82, 90, 26, 40, 14, 30, 23, 13), List(-1152032973, -1867435551, 1358837950, 157460020), List(-1808699839, 37225873), false, false)
(172, 138, 1.0, List(), List(27, 56, 82, 44, 86, 32, 57), List(-1152032973, -1867435551, 1358837950, 157460020), List(-1940319047, -681664461), false, false)
(173, 72, 1.0, List(42, 50, 31, 35, 31, 67, 1, 90, 75, 58, 90, 75, 61, 37, 93), List(76, 77, 73, 94, 19, 62, 46, 59, 2, 53, 47, 38, 67, 72, 85, 19, 43, 79, 37), List(1474635116), List(1016087178, -1418458207, -1915074190, 928640278), false, false)
(174, 189, 1.0, List(11, 11, 25, 72, 60, 93, 44, 28, 17, 78), List(50, 26, 39, 76, 70, 19, 71, 27, 20, 48, 80, 5, 75, 43, 46), List(-807210607, 655072302, -180655229, -1126321591, 2054965100, -319207743), List(-939406738, -174838831, -1281310860, 47286225, -69771981, -1076381994), false, false)
(175, 13, 1.0, List(), List(38, 17, 47, 85, 45, 25, 97, 45, 57, 8, 48, 80, 26, 74, 54, 26, 71, 20, 9), List(1614167967, 1475970818, 1542125447, 1391725185), List(-792544352, -1798921483, 467783864, -594614106), false, false)
(175, 11, 1.0, List(), List(32, 29, 64, 33, 94, 87, 7, 56, 57), List(1614167967, 1475970818, 1542125447, 1391725185), List(-213054207, 1853202801), false, false)
(175, 81, 1.0, List(), List(87, 53, 78, 60, 58, 30, 76, 58), List(1614167967, 1475970818, 1542125447, 1391725185), List(-1521273990, -1162429358, 931197430, 1021003731, -842995482, -771369060), false, false)
(175, 138, 1.0, List(), List(27, 56, 82, 44, 86, 32, 57), List(1614167967, 1475970818, 1542125447, 1391725185), List(-1940319047, -681664461), false, false)
(175, 163, 1.0, List(), List(6, 32, 59, 9, 87, 79, 0, 23), List(1614167967, 1475970818, 1542125447, 1391725185), List(1707927333, -1133378671, 169521877, -1546586641, -891317571, -741388274), false, false)
(175, 166, 1.0, List(), List(70, 0, 37, 8, 4, 83, 31, 8, 62), List(1614167967, 1475970818, 1542125447, 1391725185), List(-1537552838, 125772348, 434914475, -2078154342), false, false)
(176, 68, 1.0, List(85), List(71, 21, 58, 6, 5, 55, 98, 54, 65, 35, 78, 88), List(1629811260, -665371366), List(1109529832), false, false)
(176, 111, 1.0, List(85), List(11, 68, 87, 44, 73, 36, 63, 20, 72, 65, 80, 41, 18, 88), List(1629811260, -665371366), List(249560746, 577105485), false, false)
(177, 126, 1.0, List(93, 71, 31, 50, 73, 66, 13, 86, 9, 37), List(82, 69, 39, 82, 71, 70, 62, 2, 6, 85, 29, 99, 13, 49), List(1964120222, -1295563858, 2134339053), List(), false, false)
(178, 81, 1.0, List(60, 73, 41, 71, 69, 74, 8, 37, 54, 44, 51, 70, 20, 92, 5, 57, 75, 88, 1), List(87, 53, 78, 60, 58, 30, 76, 58), List(-751503315, 1571644972, -748269346, 1471228624, -798475441, 1386006708), List(-1521273990, -1162429358, 931197430, 1021003731, -842995482, -771369060), false, false)
(179, 160, 1.0, List(70, 36, 78, 71, 5, 54, 10, 13, 99, 18, 52, 79, 90, 42, 90, 89), List(1, 12, 5, 2, 10, 80), List(), List(), false, false)
(180, 33, 1.0, List(20, 92), List(91, 29, 79), List(-205442255), List(-1613853380), false, false)
(181, 46, 1.0, List(49, 31, 35, 3, 28, 12, 94), List(81, 84, 11, 50, 4, 95, 49, 45, 70, 15, 11, 51), List(-1872788021, 1926239645, 1591222610, -717358140, -1869135006, 851128443), List(), false, true)
(181, 77, 1.0, List(49, 31, 35, 3, 28, 12, 94), List(5, 6, 89), List(-1872788021, 1926239645, 1591222610, -717358140, -1869135006, 851128443), List(616359251, -1030426383, 1702703630), false, false)
(182, 165, 1.0, List(40, 44, 40, 13, 64, 19), List(35, 43, 92, 95, 12, 32, 23, 24, 25, 80, 12, 9, 74, 64, 48, 4), List(1622444596), List(-1039726162, 2136634190, -155929777, 1566581586, -813873910), false, false)
(183, 15, 1.0, List(21, 3, 50, 33, 22, 75, 97, 44), List(73, 51, 88, 27, 56, 82, 90, 26, 40, 14, 30, 23, 13), List(966106653, -928136166, -314107973, -160699279), List(-1808699839, 37225873), false, false)
(184, 40, 1.0, List(75, 12, 14, 90, 29, 19, 22, 35, 20, 53, 58, 44, 66, 19, 74, 42, 20, 3, 38), List(95), List(1773419637, 513609129), List(), false, false)
(184, 69, 1.0, List(75, 12, 14, 90, 29, 19, 22, 35, 20, 53, 58, 44, 66, 19, 74, 42, 20, 3, 38), List(24, 87, 12, 76, 81, 70, 96, 94, 59, 2, 79, 49), List(1773419637, 513609129), List(), false, false)
(184, 117, 1.0, List(75, 12, 14, 90, 29, 19, 22, 35, 20, 53, 58, 44, 66, 19, 74, 42, 20, 3, 38), List(78, 14, 27, 90, 66, 14, 53, 44, 93, 80, 6), List(1773419637, 513609129), List(298231967, -471664600, -914759149, 437880902), false, false)
(184, 108, 1.0, List(75, 12, 14, 90, 29, 19, 22, 35, 20, 53, 58, 44, 66, 19, 74, 42, 20, 3, 38), List(61, 1, 38), List(1773419637, 513609129), List(), false, false)
(185, 177, 1.0, List(62), List(93, 71, 31, 50, 73, 66, 13, 86, 9, 37), List(-1796650166), List(1964120222, -1295563858, 2134339053), false, false)
(186, 82, 1.0, List(16, 68, 99, 70, 65, 25, 55), List(31, 24, 26, 77, 77), List(718868527, 2082040886, 113601102), List(865584127, 1910319306, -1346930836), false, false)
(186, 15, 1.0, List(16, 68, 99, 70, 65, 25, 55), List(73, 51, 88, 27, 56, 82, 90, 26, 40, 14, 30, 23, 13), List(718868527, 2082040886, 113601102), List(-1808699839, 37225873), false, false)
(186, 42, 1.0, List(16, 68, 99, 70, 65, 25, 55), List(15, 48, 38, 35, 19, 24, 62), List(718868527, 2082040886, 113601102), List(-519069847, 1078499734, -681567254, 609018061, 1363419274, -1904781735), false, true)
(186, 8, 1.0, List(16, 68, 99, 70, 65, 25, 55), List(26, 83, 96, 40, 86, 2, 1, 9, 41, 32, 0, 27, 71, 92, 56, 48), List(718868527, 2082040886, 113601102), List(775704628, 1880001665, -525860873), false, false)
(186, 47, 1.0, List(16, 68, 99, 70, 65, 25, 55), List(61, 45, 77, 18), List(718868527, 2082040886, 113601102), List(), false, true)
(187, 13, 1.0, List(84, 48, 77, 45, 70, 37, 76, 53, 22, 28, 96, 9, 45, 52, 52, 5), List(38, 17, 47, 85, 45, 25, 97, 45, 57, 8, 48, 80, 26, 74, 54, 26, 71, 20, 9), List(), List(-792544352, -1798921483, 467783864, -594614106), true, false)
(188, 3, 1.0, List(47, 71, 34, 67, 34, 40, 72, 37, 68, 58), List(10, 12, 63, 29, 17, 4), List(317962011, 2136978628, 227222596, -439644443), List(), false, false)
(189, 40, 1.0, List(50, 26, 39, 76, 70, 19, 71, 27, 20, 48, 80, 5, 75, 43, 46), List(95), List(-939406738, -174838831, -1281310860, 47286225, -69771981, -1076381994), List(), false, false)
(189, 92, 1.0, List(50, 26, 39, 76, 70, 19, 71, 27, 20, 48, 80, 5, 75, 43, 46), List(17, 98, 54), List(-939406738, -174838831, -1281310860, 47286225, -69771981, -1076381994), List(-1373691694, 1631362494, 730798028, 898374568, -690020309), false, false)
(189, 187, 1.0, List(50, 26, 39, 76, 70, 19, 71, 27, 20, 48, 80, 5, 75, 43, 46), List(84, 48, 77, 45, 70, 37, 76, 53, 22, 28, 96, 9, 45, 52, 52, 5), List(-939406738, -174838831, -1281310860, 47286225, -69771981, -1076381994), List(), false, true)
(189, 117, 1.0, List(50, 26, 39, 76, 70, 19, 71, 27, 20, 48, 80, 5, 75, 43, 46), List(78, 14, 27, 90, 66, 14, 53, 44, 93, 80, 6), List(-939406738, -174838831, -1281310860, 47286225, -69771981, -1076381994), List(298231967, -471664600, -914759149, 437880902), false, false)
(190, 91, 1.0, List(56, 98, 61, 97, 37, 67, 51, 64, 33), List(35, 71, 75, 7, 80, 99, 59, 5, 48, 42, 72, 69, 87), List(1349497014), List(1913657751, -730621698), false, false)
(190, 53, 1.0, List(56, 98, 61, 97, 37, 67, 51, 64, 33), List(39, 28, 20, 34, 16), List(1349497014), List(333547092, -639230673, -2119071963), false, false)
(191, 70, 1.0, List(11, 95, 57, 43, 78, 13, 73, 10), List(74, 1, 92, 58, 10, 22, 56), List(), List(267093295, -1618924889, -1325800703, 62146436, 1597233174), false, false)
(191, 100, 1.0, List(11, 95, 57, 43, 78, 13, 73, 10), List(97, 39, 66, 95, 39, 99, 20, 56, 19, 63, 51, 73, 62, 80, 71, 25, 35, 48), List(), List(1824249702, 1011421519, 1149436842, 521103166), false, false)
(192, 27, 1.0, List(53, 90, 96, 12, 32, 80, 44, 91, 39, 11, 32, 90, 6, 5, 66, 54, 24, 3, 37), List(1), List(59439768, 1016888900), List(), false, false)
(192, 164, 1.0, List(53, 90, 96, 12, 32, 80, 44, 91, 39, 11, 32, 90, 6, 5, 66, 54, 24, 3, 37), List(60, 43, 12, 62, 6, 52), List(59439768, 1016888900), List(), false, false)
(192, 152, 1.0, List(53, 90, 96, 12, 32, 80, 44, 91, 39, 11, 32, 90, 6, 5, 66, 54, 24, 3, 37), List(), List(59439768, 1016888900), List(1106458970, -230652902), false, false)
(193, 49, 1.0, List(1, 4, 47, 6, 64, 96, 16, 15, 46, 60, 29, 84), List(39, 8, 44, 96, 41), List(-966248191, -270916479), List(), false, true)
(193, 54, 1.0, List(1, 4, 47, 6, 64, 96, 16, 15, 46, 60, 29, 84), List(50, 38, 92, 36, 34, 97, 35, 7, 49, 55, 92), List(-966248191, -270916479), List(), false, false)
(194, 57, 1.0, List(90, 28, 93, 69, 68, 53, 8, 18, 60, 56), List(34, 75, 40, 43, 43, 58, 79, 36, 78, 4, 24, 3, 89, 10), List(-1899560379, -426041377), List(), false, false)
(194, 125, 1.0, List(90, 28, 93, 69, 68, 53, 8, 18, 60, 56), List(2, 25, 65, 59, 87), List(-1899560379, -426041377), List(1046739022, 2071514266), false, false)
(195, 21, 1.0, List(71, 76, 35, 40, 87, 49, 88, 25, 50), List(49), List(-903204811, -1587093304, 2137445338), List(680602201), false, false)
(195, 12, 1.0, List(71, 76, 35, 40, 87, 49, 88, 25, 50), List(19, 88, 54, 2, 35, 23, 11, 95, 33, 27, 84, 76, 30, 32), List(-903204811, -1587093304, 2137445338), List(), false, false)
(196, 93, 1.0, List(36), List(50, 6, 1, 22, 2, 92, 16), List(), List(), false, false)
(197, 123, 1.0, List(81, 60, 74, 13, 73, 38, 47, 43, 0), List(90, 21, 37, 63, 36, 4, 20, 93, 18, 70), List(), List(320415638, 1206013539, -599727743, -1818227182, -1964222047, -1897293605), true, false)
(198, 185, 1.0, List(8, 69, 93, 83, 61, 53, 83, 85, 25, 66, 22, 11, 39, 99, 35, 3, 66), List(62), List(873030035, -447368240, 671669585), List(-1796650166), false, false)
(198, 8, 1.0, List(8, 69, 93, 83, 61, 53, 83, 85, 25, 66, 22, 11, 39, 99, 35, 3, 66), List(26, 83, 96, 40, 86, 2, 1, 9, 41, 32, 0, 27, 71, 92, 56, 48), List(873030035, -447368240, 671669585), List(775704628, 1880001665, -525860873), false, false)
(198, 82, 1.0, List(8, 69, 93, 83, 61, 53, 83, 85, 25, 66, 22, 11, 39, 99, 35, 3, 66), List(31, 24, 26, 77, 77), List(873030035, -447368240, 671669585), List(865584127, 1910319306, -1346930836), false, false)
(199, 26, 1.0, List(73, 46), List(71, 62, 89, 13, 93, 97, 0, 69, 36, 41, 2, 14, 85, 98, 1, 75, 29, 74, 45), List(), List(), false, false)
(200, 104, 1.0, List(82, 42, 54, 87, 78, 78, 19, 26, 1, 24, 82, 26, 3), List(52, 6, 87, 76, 13, 57, 19, 20, 80, 2, 78, 62, 75, 29, 6), List(), List(270742142, 2033661178), false, false)
(200, 163, 1.0, List(82, 42, 54, 87, 78, 78, 19, 26, 1, 24, 82, 26, 3), List(6, 32, 59, 9, 87, 79, 0, 23), List(), List(1707927333, -1133378671, 169521877, -1546586641, -891317571, -741388274), false, false)
(0, 14, 1.0, List(46, 7, 73, 87, 13, 14, 97, 22), List(62, 21, 58, 92, 52, 25, 72, 45, 14, 12, 37, 17, 18, 98, 15, 56), List(), List(1913496451, 2106969581, 2034794597, 1770545369), false, false)
(0, 59, 1.0, List(46, 7, 73, 87, 13, 14, 97, 22), List(63, 58, 1, 90, 18, 2, 98, 15, 3, 0, 21, 25, 55, 0, 82), List(), List(), false, false)
