(1, 2, 1, List(-818288069, -208001313, -1543894685), List(43, 79, 5, 66, 12, 88, 78, 2, 19, 57, 85, 19, 8, 54), false)
(2, 2, 1, List(895481357, 368310742, 1794778702, 870076886, 936138823), List(67, 94, 7, 31, 99, 31, 94, 84, 83, 7, 59, 83, 17, 10, 25, 73), false)
(3, 1, 1, List(), List(10, 12, 63, 29, 17, 4), false)
(4, 1, 1, List(1546591265, -309227633, 436355716, 1655498562), List(37, 4, 36, 25, 77, 14, 28, 58, 8, 34, 16, 40, 36, 1, 42, 11, 51, 74), true)
(5, 5, 2, List(2023443443, -318373269, 1331913082, -384571142, -1274348611), List(59), false)
(6, 1, 2, List(36915621, 1483314387, 539481515), List(2, 17, 39, 26, 4, 29, 7, 21, 92, 63, 66, 14, 33, 96, 14, 43), false)
(7, 1, 3, List(), List(9, 94, 69, 59, 75, 5, 69, 95, 42, 97, 34, 39, 97, 32, 19, 31), false)
(8, 3, 2, List(775704628, 1880001665, -525860873), List(26, 83, 96, 40, 86, 2, 1, 9, 41, 32, 0, 27, 71, 92, 56, 48), false)
(9, 1, 0, List(-1736878227, -230450182), List(8, 64, 13, 83, 38, 70, 71, 50, 19, 49, 52, 7, 27), false)
(10, 1, 3, List(), List(15, 88, 11, 51, 20, 23, 63, 67, 71, 80), false)
(11, 2, 5, List(-213054207, 1853202801), List(32, 29, 64, 33, 94, 87, 7, 56, 57), false)
(12, 4, 2, List(), List(19, 88, 54, 2, 35, 23, 11, 95, 33, 27, 84, 76, 30, 32), false)
(13, 4, 2, List(-792544352, -1798921483, 467783864, -594614106), List(38, 17, 47, 85, 45, 25, 97, 45, 57, 8, 48, 80, 26, 74, 54, 26, 71, 20, 9), false)
(14, 1, 2, List(1913496451, 2106969581, 2034794597, 1770545369), List(62, 21, 58, 92, 52, 25, 72, 45, 14, 12, 37, 17, 18, 98, 15, 56), false)
(15, 3, 1, List(-1808699839, 37225873), List(73, 51, 88, 27, 56, 82, 90, 26, 40, 14, 30, 23, 13), false)
(16, 1, 3, List(-1048497991, 437342064, 21520025, 1294424506, 1641100324, 1750480004), List(65, 65, 86, 62, 39, 78, 46), false)
(17, 4, 1, List(-1118714997, 1651690176, 2088975666), List(8, 6, 64, 94, 92, 21, 94, 41, 64, 35, 36, 84, 84, 84), false)
(18, 2, 2, List(), List(55, 12, 35, 63, 17, 18, 4, 93, 62, 13, 13, 76, 23, 19, 81, 19, 27, 76), false)
(19, 1, 2, List(), List(11, 23, 50, 62, 67, 50, 42, 30, 95, 17, 18, 70, 76, 80), false)
(20, 1, 2, List(), List(30, 57, 14, 45, 58, 46, 40, 96, 87, 1, 5, 98, 94, 50, 90), false)
(21, 2, 2, List(680602201), List(49), false)
(22, 1, 2, List(877454654), List(5, 1, 84, 16, 89), false)
(23, 1, 2, List(506117402, -337194743), List(82, 68, 24, 93, 70, 71), false)
(24, 1, 3, List(1512288330, -650286974, -1698152038, -1414567175), List(50, 26, 68, 40, 72, 74, 36, 36, 12, 89, 32, 8, 25, 95, 55), true)
(25, 1, 1, List(), List(0, 12, 92, 60, 2, 8, 52, 33, 92, 58, 53, 65, 13, 29, 70, 33), false)
(26, 3, 3, List(), List(71, 62, 89, 13, 93, 97, 0, 69, 36, 41, 2, 14, 85, 98, 1, 75, 29, 74, 45), false)
(27, 3, 3, List(), List(1), false)
(28, 1, 2, List(), List(25, 41, 99), false)
(29, 1, 1, List(1657714128), List(29, 50, 59, 70, 82, 67), false)
(30, 3, 1, List(), List(35, 45, 63, 25, 65, 49, 7, 56, 13, 38), false)
(31, 1, 0, List(-1945307130, -34732914, 432060386, 666204116, 969152849, -315063142), List(56, 59, 9, 90, 97, 21, 80, 67, 45, 83, 26, 57, 8, 77, 88, 81, 98, 21), false)
(32, 1, 2, List(), List(1, 73, 30, 27, 33, 33, 55, 32, 13), false)
(33, 1, 0, List(-1613853380), List(91, 29, 79), false)
(34, 2, 1, List(), List(44, 90, 13, 56, 59, 9, 65, 23, 71, 1, 39), false)
(35, 3, 1, List(), List(70, 87, 44, 77, 40, 26, 9, 60, 20, 77, 65, 53, 11, 10, 28, 15), false)
(36, 1, 0, List(1926779782, -1406910630, -919655209, -517815254), List(55, 3, 81, 43, 77, 88, 57, 38, 27, 98, 30, 52, 34), false)
(37, 1, 2, List(1279720810, -575542529), List(25, 87, 20, 15, 56), false)
(38, 2, 1, List(1864670109, -1671089038, 1676414962, 1667275918), List(20, 53, 95), false)
(39, 3, 2, List(-1666237512, -1076637506, 1695621121, -1688171198, -1940943401, 53178137), List(3, 46, 18, 17, 18, 62, 33, 29, 51), false)
(40, 3, 1, List(), List(95), false)
(41, 1, 1, List(1375502517, -1654700823), List(67, 48, 35, 16, 41, 97, 98, 6, 95, 20, 61, 9, 81, 21, 66, 50), false)
(42, 4, 2, List(-519069847, 1078499734, -681567254, 609018061, 1363419274, -1904781735), List(15, 48, 38, 35, 19, 24, 62), true)
(43, 1, 2, List(), List(19, 66, 89), false)
(44, 1, 1, List(), List(14, 80), true)
(45, 2, 3, List(1694790963, -862037496, 758765974, 544888893, -456104651), List(17, 45, 36, 69), false)
(46, 2, 1, List(), List(81, 84, 11, 50, 4, 95, 49, 45, 70, 15, 11, 51), true)
(47, 1, 4, List(), List(61, 45, 77, 18), true)
(48, 1, 0, List(-1771801950, 2058853988), List(20, 93, 73, 10, 43), false)
(49, 1, 2, List(), List(39, 8, 44, 96, 41), true)
(50, 1, 2, List(), List(78, 77, 47, 96, 59, 32, 50, 36, 3, 76, 68), true)
(51, 1, 2, List(-290796110, 930556387, 857181062), List(46, 61, 13, 13, 34, 59, 85, 58, 66, 43, 52, 24, 62, 25, 42, 45, 26, 79, 81), false)
(52, 2, 1, List(), List(68, 61, 60, 31, 74, 24, 43, 2, 73, 61, 90, 49, 12), false)
(53, 2, 2, List(333547092, -639230673, -2119071963), List(39, 28, 20, 34, 16), false)
(54, 2, 1, List(), List(50, 38, 92, 36, 34, 97, 35, 7, 49, 55, 92), false)
(55, 1, 1, List(), List(90, 94, 63, 65), false)
(56, 1, 0, List(1648573547, 865622898, -1643357624, -1759735419), List(8, 44, 97, 51, 7, 93, 92, 32, 25, 57, 84, 41), false)
(57, 1, 2, List(), List(34, 75, 40, 43, 43, 58, 79, 36, 78, 4, 24, 3, 89, 10), false)
(58, 2, 2, List(), List(35, 14, 39, 17, 45, 75, 95), false)
(59, 1, 2, List(), List(63, 58, 1, 90, 18, 2, 98, 15, 3, 0, 21, 25, 55, 0, 82), false)
(60, 1, 2, List(1214581259, -2115807089, 671373037, -685898314), List(45, 83, 98, 83, 12, 64, 85, 75, 92, 17, 32, 46, 81, 91, 27, 9, 1), false)
(61, 2, 1, List(1395301365, 1681485625), List(77, 97, 22, 53, 8, 48, 65, 19, 63, 51, 44, 44, 7, 71, 72, 16, 22, 10), false)
(62, 1, 0, List(), List(16, 92, 88, 73), false)
(63, 1, 1, List(839456110, 1814627466, 2081831352), List(45, 51, 18, 33, 17, 37, 58, 52, 47, 38, 12), false)
(64, 1, 4, List(), List(72, 45, 62, 38, 2, 51), false)
(65, 1, 4, List(), List(), true)
(66, 1, 3, List(382399094, -59657910), List(80, 25, 95, 29, 30, 83, 58, 93), true)
(67, 1, 2, List(), List(81, 67, 25, 21, 80, 13, 92, 39, 83), false)
(68, 4, 1, List(1109529832), List(71, 21, 58, 6, 5, 55, 98, 54, 65, 35, 78, 88), false)
(69, 1, 2, List(), List(24, 87, 12, 76, 81, 70, 96, 94, 59, 2, 79, 49), false)
(70, 4, 1, List(267093295, -1618924889, -1325800703, 62146436, 1597233174), List(74, 1, 92, 58, 10, 22, 56), false)
(71, 2, 3, List(), List(95, 46, 99, 86, 12, 86, 67, 67, 27, 52), false)
(72, 2, 1, List(1016087178, -1418458207, -1915074190, 928640278), List(76, 77, 73, 94, 19, 62, 46, 59, 2, 53, 47, 38, 67, 72, 85, 19, 43, 79, 37), false)
(73, 3, 1, List(), List(93, 47, 21, 41, 47), false)
(74, 1, 1, List(), List(52, 26, 16, 39, 71, 46, 49, 42, 99, 65, 36, 28, 55, 35, 73), false)
(75, 1, 2, List(2050388323, -1384020400, 1584284200, 1141708814, 1846272913, -997436736), List(67, 53, 49, 52), true)
(76, 2, 3, List(), List(14, 68, 32, 55, 95, 80), false)
(77, 2, 2, List(616359251, -1030426383, 1702703630), List(5, 6, 89), false)
(78, 1, 1, List(-1333620915, 756415080, -1038803349, 2039100994, -693772278), List(42, 54, 24), false)
(79, 1, 1, List(), List(9, 95, 28, 19, 47, 47, 16, 4, 79, 61, 55, 84, 16), false)
(80, 2, 3, List(1618372329, 1425103338, -2077308589, 1483256572), List(10, 67, 52, 25, 76, 50, 18), false)
(81, 4, 1, List(-1521273990, -1162429358, 931197430, 1021003731, -842995482, -771369060), List(87, 53, 78, 60, 58, 30, 76, 58), false)
(82, 2, 3, List(865584127, 1910319306, -1346930836), List(31, 24, 26, 77, 77), false)
(83, 2, 2, List(), List(59, 81, 85, 34, 4, 96, 69, 78, 87, 73, 20, 84, 6), false)
(84, 1, 2, List(387430527, -870085040, 971856801, 488965486, -1809134758, 1260467204), List(88, 51, 79, 30), true)
(85, 1, 3, List(), List(24, 91, 21, 5, 1, 37), false)
(86, 1, 1, List(), List(11, 84, 72, 82, 51, 0, 91, 71, 89, 88, 81, 18, 68, 43, 96, 16, 37, 27, 98), false)
(87, 2, 3, List(), List(85, 35, 43, 15, 95, 96, 73, 95, 11), false)
(88, 1, 1, List(-1389245408), List(36, 21, 19, 35, 90, 60, 71, 78, 20, 46, 78, 19, 87, 64, 36, 6), false)
(89, 2, 1, List(1207749006), List(23, 10, 85, 83, 72, 29, 65, 86, 80, 48, 88, 42, 76, 97, 29, 11, 51, 10, 37), true)
(90, 3, 1, List(), List(7, 93, 30, 45, 66, 37, 15, 90, 35, 68, 84), false)
(91, 2, 3, List(1913657751, -730621698), List(35, 71, 75, 7, 80, 99, 59, 5, 48, 42, 72, 69, 87), false)
(92, 2, 1, List(-1373691694, 1631362494, 730798028, 898374568, -690020309), List(17, 98, 54), false)
(93, 3, 2, List(), List(50, 6, 1, 22, 2, 92, 16), false)
(94, 4, 1, List(-972987113, -1799224731), List(31, 75, 18, 68, 28, 85, 97, 44, 1, 77), false)
(95, 1, 5, List(-1858354362, 1536635257, 1631754049), List(40, 21, 76, 15), false)
(96, 2, 1, List(1785450158, 1270344282, 1889367044), List(39, 56, 72, 96, 43, 33, 64, 79, 31, 67, 68, 49, 99, 4, 82, 8, 26, 27, 82), false)
(97, 3, 1, List(2073712881, -1040102094, -1525635613, 1357389673), List(93, 83), false)
(98, 1, 2, List(1133735680, -1648494878, 2117806373, 1528195685, 1409621515), List(12, 59, 88, 29, 32, 79, 47, 98, 63, 28), true)
(99, 3, 1, List(2145907721, -1448936153, -505309216), List(7, 60, 50, 22, 46, 89, 77, 39, 96, 6, 74, 61, 56, 92, 98, 15, 73), false)
(100, 2, 1, List(1824249702, 1011421519, 1149436842, 521103166), List(97, 39, 66, 95, 39, 99, 20, 56, 19, 63, 51, 73, 62, 80, 71, 25, 35, 48), false)
(101, 3, 1, List(-967861179, -559017216, -799649725), List(97, 30, 22), false)
(102, 4, 2, List(14901885, -1129228878, -106345269, -127946743), List(43, 86, 46, 24, 40, 96, 8, 36, 16, 61, 53, 12, 45, 11, 37, 83), false)
(103, 2, 1, List(-707613850, 341787000, -549343633, 461412195, -439318235), List(92, 9, 27, 58, 25, 73, 13, 30, 45, 85, 60, 96, 23), false)
(104, 2, 1, List(270742142, 2033661178), List(52, 6, 87, 76, 13, 57, 19, 20, 80, 2, 78, 62, 75, 29, 6), false)
(105, 2, 1, List(), List(64, 23, 35, 64, 36, 9, 62, 67), false)
(106, 3, 4, List(), List(45, 45, 74, 43, 81, 43, 68, 79, 71), true)
(107, 1, 1, List(-919331330, -481226128, -2063032730, 238168421, -445308536, 1564610389), List(74), true)
(108, 1, 3, List(), List(61, 1, 38), false)
(109, 2, 1, List(1312979865, 1637460153, -1901810685, -1549069060, -1060393792, -1748889544), List(18, 2, 26, 66, 81, 37, 73, 5, 89, 40, 67, 70, 20, 70), false)
(110, 1, 1, List(1237734347, 1667371682, -2094005412, 766446134, -1476830341, 1173584588), List(30, 73, 54, 39, 13, 47, 84, 77, 83, 87, 32, 94, 47, 11, 0, 73, 18), false)
(111, 2, 1, List(249560746, 577105485), List(11, 68, 87, 44, 73, 36, 63, 20, 72, 65, 80, 41, 18, 88), false)
(112, 1, 1, List(-638462198, -416298725, -1584967070), List(31, 5, 10, 97, 55, 81, 17, 41, 65, 86, 6, 86, 18, 96, 79), false)
(113, 3, 2, List(-1087077169, 211216543, -452100241, 1139321038, 554390161), List(36, 18, 54, 40, 85), false)
(114, 1, 1, List(-1035256622, 972755846), List(37, 81, 84, 7, 92, 19, 65, 12, 43, 64, 69, 73, 46, 5, 91, 6, 27, 78, 37), false)
(115, 1, 2, List(), List(2, 67, 68, 84, 22, 42, 70, 93, 74, 98, 89, 15, 20, 57, 20, 0, 6, 5, 10), false)
(116, 1, 1, List(377058687), List(48, 59, 96, 38, 75, 0, 98, 87, 64, 95, 97, 76, 59, 72), false)
(117, 3, 3, List(298231967, -471664600, -914759149, 437880902), List(78, 14, 27, 90, 66, 14, 53, 44, 93, 80, 6), false)
(118, 1, 0, List(1382656031, 775455102, 852971407, 803475828), List(95, 14, 41, 58, 55, 16, 28, 82, 82, 28, 50, 6, 6, 83, 55), false)
(119, 2, 3, List(-1968768720, 1566628960, -1632140265, 395661999, -1475474071), List(88, 23, 40, 45, 86, 58, 96, 32, 89, 41, 86, 17, 61, 87, 66, 30, 27, 46), false)
(120, 1, 1, List(), List(4, 6), false)
(121, 1, 1, List(), List(77, 73, 17, 11, 15), false)
(122, 3, 1, List(1866255163, 780774921), List(2, 38, 41, 7, 7, 54, 26, 93, 97, 69, 9), false)
(123, 3, 3, List(320415638, 1206013539, -599727743, -1818227182, -1964222047, -1897293605), List(90, 21, 37, 63, 36, 4, 20, 93, 18, 70), false)
(124, 1, 1, List(709190971, -532669791, 1680199048, -23358256, 752175228), List(4, 43), false)
(125, 1, 1, List(1046739022, 2071514266), List(2, 25, 65, 59, 87), false)
(126, 1, 2, List(), List(82, 69, 39, 82, 71, 70, 62, 2, 6, 85, 29, 99, 13, 49), false)
(127, 2, 2, List(), List(76, 86, 63, 18, 22, 45, 27, 6, 57, 35, 87), true)
(128, 1, 3, List(-392660610, 892024526, 1871265551, -1753172700, -1203660049), List(90, 23, 82, 66, 17, 94, 32, 33, 37, 32), false)
(129, 1, 1, List(-146441554, 63751937, -1186947783, -196321782, 1068910699), List(6, 23, 16, 7, 17, 28, 89, 62, 61, 3, 71, 55, 91, 33, 19, 21, 32), false)
(130, 2, 1, List(), List(76, 27, 30, 23, 58, 34, 43, 35, 47, 61, 49, 80, 32, 22, 30, 93, 24, 76, 53), false)
(131, 1, 2, List(377270483), List(34, 29, 15, 31, 38, 10, 19, 93, 56, 46, 40, 39), false)
(132, 2, 2, List(-1954670170, 1465586893), List(81, 28, 15, 14, 63, 51, 55, 73, 89, 35, 78, 12, 30, 4, 39, 25, 66, 90), false)
(133, 1, 3, List(), List(90, 56, 87, 64), false)
(134, 1, 4, List(1241316320, 608972045), List(45, 90, 65, 29, 15, 6, 20, 22, 92), true)
(135, 1, 2, List(), List(97), false)
(136, 2, 1, List(-37105773), List(92, 28, 93, 18), false)
(137, 1, 1, List(2121021770, -1178567822, 65762512, -1724959280), List(97, 46, 77, 90, 41, 6, 55, 6, 10, 60, 65), false)
(138, 4, 1, List(-1940319047, -681664461), List(27, 56, 82, 44, 86, 32, 57), false)
(139, 1, 1, List(508366850, 1493196320, -1756785409, 2000913623), List(59, 52, 22, 11, 9, 14, 83, 56, 61, 15, 41, 56, 47, 90, 57), false)
(140, 2, 1, List(1090874614), List(20, 43, 50, 21, 83, 42, 16, 23, 10, 94, 22, 43, 92, 89, 84), false)
(141, 2, 2, List(), List(74, 24, 93, 80, 43, 23, 79, 63), false)
(142, 1, 2, List(), List(85, 30, 10, 97), true)
(143, 1, 2, List(1348855662, 465433556), List(54, 76, 15, 36, 89, 78, 85, 47, 59), false)
(144, 1, 1, List(2131119096, -1298754526, -212356357, -766344056), List(79, 0, 30, 6, 50, 88, 76, 8, 7, 22, 9, 3, 25, 52, 30, 86), false)
(145, 3, 2, List(1408604456, 1258338265, -297861607), List(54, 30, 24, 88, 91, 21, 73, 18, 1, 17, 98, 44, 13, 98, 76), false)
(146, 1, 1, List(), List(74, 43, 34, 18, 64, 35, 5, 97, 41, 32, 1, 93), false)
(147, 2, 1, List(), List(68, 95, 22, 41, 24, 18, 67, 43, 17, 36, 64), false)
(148, 1, 1, List(-433686510, 205442862, -1185584788, -1910629900, -135693749), List(6, 46, 75, 19, 54), false)
(149, 1, 1, List(-867274131, 831840600), List(59, 28, 37, 64, 63, 27, 92, 30), false)
(150, 1, 3, List(), List(90, 4, 78, 21, 59, 46, 76, 78, 5, 88, 9, 90, 97, 53), false)
(151, 2, 1, List(-1016029446, 1129184226, 425469001, 1456860346, -888769038), List(9, 1, 99, 63, 92, 89, 48, 29, 35, 57, 88, 63, 31, 50, 78, 82, 29, 47, 85), false)
(152, 3, 2, List(1106458970, -230652902), List(), false)
(153, 2, 1, List(-164400415, -289510345), List(99, 83, 28, 36, 69, 66, 43, 1, 18, 88), false)
(154, 1, 4, List(-1955196494, -135568265, 420070150), List(33, 94, 24, 71, 35, 5, 12), false)
(155, 1, 3, List(-762808906, 366772229, -1031350465), List(43, 83, 89, 41, 99, 87, 78, 26), false)
(156, 2, 1, List(), List(72, 30, 36, 61, 12, 4, 99, 34, 85, 52), false)
(157, 1, 2, List(-1369929428, -88598872, 352795454, 1714609655), List(4, 2, 41, 70, 65), false)
(158, 1, 1, List(1675983295, 976516653, -1959843218, 1006875936, -910526444, -1327835360), List(83, 33, 65, 91, 67, 39, 34, 56, 69, 6, 27, 58, 75), false)
(159, 1, 3, List(-1711165502), List(43, 61, 96, 64, 82, 8, 23, 41, 48, 80, 2, 84, 34, 25, 13, 48, 24, 31), false)
(160, 6, 4, List(), List(1, 12, 5, 2, 10, 80), false)
(161, 1, 3, List(309337195, -28102497, -629359619, -24643475, 765966744), List(89, 33, 68, 78, 35, 17, 46), false)
(162, 2, 4, List(561742141, -2034392540), List(12, 58, 56, 24, 98, 75, 53, 10, 88, 97, 25, 90, 34, 42), false)
(163, 4, 1, List(1707927333, -1133378671, 169521877, -1546586641, -891317571, -741388274), List(6, 32, 59, 9, 87, 79, 0, 23), false)
(164, 3, 1, List(), List(60, 43, 12, 62, 6, 52), false)
(165, 1, 1, List(-1039726162, 2136634190, -155929777, 1566581586, -813873910), List(35, 43, 92, 95, 12, 32, 23, 24, 25, 80, 12, 9, 74, 64, 48, 4), false)
(166, 2, 2, List(-1537552838, 125772348, 434914475, -2078154342), List(70, 0, 37, 8, 4, 83, 31, 8, 62), false)
(167, 1, 0, List(), List(64, 68, 14, 93, 36, 50, 59, 77, 88), false)
(168, 1, 2, List(), List(12, 68, 70, 44, 0, 82, 93, 48, 51, 40, 36, 17, 27, 6, 62, 2, 94), false)
(169, 2, 1, List(), List(78, 90, 24, 48, 42, 58, 86, 20, 97, 11), false)
(170, 2, 3, List(), List(95, 73, 29, 9, 64, 90, 19, 26, 51, 56, 26, 82, 70, 9, 90, 34, 29, 28, 58), false)
(171, 1, 3, List(1479087652, -434756477, -944795857, -102617059), List(14, 61, 49, 32, 83, 14, 70, 36, 40, 14, 46, 68, 9, 47, 20), false)
(172, 1, 3, List(-1152032973, -1867435551, 1358837950, 157460020), List(), false)
(173, 1, 1, List(1474635116), List(42, 50, 31, 35, 31, 67, 1, 90, 75, 58, 90, 75, 61, 37, 93), false)
(174, 2, 1, List(-807210607, 655072302, -180655229, -1126321591, 2054965100, -319207743), List(11, 11, 25, 72, 60, 93, 44, 28, 17, 78), false)
(175, 1, 6, List(1614167967, 1475970818, 1542125447, 1391725185), List(), false)
(176, 1, 2, List(1629811260, -665371366), List(85), false)
(177, 5, 1, List(1964120222, -1295563858, 2134339053), List(93, 71, 31, 50, 73, 66, 13, 86, 9, 37), false)
(178, 1, 1, List(-751503315, 1571644972, -748269346, 1471228624, -798475441, 1386006708), List(60, 73, 41, 71, 69, 74, 8, 37, 54, 44, 51, 70, 20, 92, 5, 57, 75, 88, 1), false)
(179, 3, 1, List(), List(70, 36, 78, 71, 5, 54, 10, 13, 99, 18, 52, 79, 90, 42, 90, 89), false)
(180, 2, 1, List(-205442255), List(20, 92), false)
(181, 1, 2, List(-1872788021, 1926239645, 1591222610, -717358140, -1869135006, 851128443), List(49, 31, 35, 3, 28, 12, 94), false)
(182, 2, 1, List(1622444596), List(40, 44, 40, 13, 64, 19), false)
(183, 3, 1, List(966106653, -928136166, -314107973, -160699279), List(21, 3, 50, 33, 22, 75, 97, 44), false)
(184, 1, 4, List(1773419637, 513609129), List(75, 12, 14, 90, 29, 19, 22, 35, 20, 53, 58, 44, 66, 19, 74, 42, 20, 3, 38), false)
(185, 4, 1, List(-1796650166), List(62), false)
(186, 2, 5, List(718868527, 2082040886, 113601102), List(16, 68, 99, 70, 65, 25, 55), false)
(187, 3, 1, List(), List(84, 48, 77, 45, 70, 37, 76, 53, 22, 28, 96, 9, 45, 52, 52, 5), true)
(188, 2, 1, List(317962011, 2136978628, 227222596, -439644443), List(47, 71, 34, 67, 34, 40, 72, 37, 68, 58), false)
(189, 3, 4, List(-939406738, -174838831, -1281310860, 47286225, -69771981, -1076381994), List(50, 26, 39, 76, 70, 19, 71, 27, 20, 48, 80, 5, 75, 43, 46), false)
(190, 4, 2, List(1349497014), List(56, 98, 61, 97, 37, 67, 51, 64, 33), false)
(191, 1, 2, List(), List(11, 95, 57, 43, 78, 13, 73, 10), false)
(192, 2, 3, List(59439768, 1016888900), List(53, 90, 96, 12, 32, 80, 44, 91, 39, 11, 32, 90, 6, 5, 66, 54, 24, 3, 37), false)
(193, 1, 2, List(-966248191, -270916479), List(1, 4, 47, 6, 64, 96, 16, 15, 46, 60, 29, 84), false)
(194, 1, 2, List(-1899560379, -426041377), List(90, 28, 93, 69, 68, 53, 8, 18, 60, 56), false)
(195, 1, 2, List(-903204811, -1587093304, 2137445338), List(71, 76, 35, 40, 87, 49, 88, 25, 50), false)
(196, 1, 1, List(), List(36), false)
(197, 1, 1, List(), List(81, 60, 74, 13, 73, 38, 47, 43, 0), true)
(198, 1, 3, List(873030035, -447368240, 671669585), List(8, 69, 93, 83, 61, 53, 83, 85, 25, 66, 22, 11, 39, 99, 35, 3, 66), false)
(199, 1, 1, List(), List(73, 46), false)
(200, 2, 2, List(), List(82, 42, 54, 87, 78, 78, 19, 26, 1, 24, 82, 26, 3), false)
(0, 0, 2, List(), List(46, 7, 73, 87, 13, 14, 97, 22), false)
